"origin","dev","value","dow_origin","dow_dev","weekend_reporting","var1","var2"
81,1,0.001,"5","5",1,1.55128503023387,4.59454386097473
82,1,0.001,"6","6",1,1.55128503023387,4.59454386097473
83,1,0.001,"7","7",0,1.62451868023659,4.28773396005364
84,1,0.001,"1","1",0,1.62451868023659,4.28773396005364
85,1,0.001,"2","2",0,1.62451868023659,4.28773396005364
86,1,0.001,"3","3",0,1.62451868023659,4.28773396005364
87,1,0.001,"4","4",0,1.62451868023659,4.28773396005364
88,1,0.001,"5","5",1,1.55128503023387,4.59454386097473
89,1,0.001,"6","6",1,1.55128503023387,4.59454386097473
90,1,0.001,"7","7",0,1.62451868023659,4.28773396005364
91,1,0.001,"1","1",0,1.62451868023659,4.28773396005364
92,1,0.001,"2","2",0,1.62451868023659,4.28773396005364
93,1,0.001,"3","3",0,1.62451868023659,4.28773396005364
94,1,0.001,"4","4",0,1.62451868023659,4.28773396005364
95,1,0.001,"5","5",1,1.55128503023387,4.59454386097473
96,1,0.001,"6","6",1,1.55128503023387,4.59454386097473
97,1,0.001,"7","7",0,1.62451868023659,4.28773396005364
98,1,0.001,"1","1",0,1.62451868023659,4.28773396005364
99,1,0.001,"2","2",0,1.62451868023659,4.28773396005364
100,1,0.001,"3","3",0,1.62451868023659,4.28773396005364
101,1,0.001,"4","4",0,1.62451868023659,4.28773396005364
102,1,0.001,"5","5",1,1.55128503023387,4.59454386097473
103,1,0.001,"6","6",1,1.55128503023387,4.59454386097473
104,1,0.001,"7","7",0,1.62451868023659,4.28773396005364
105,1,0.001,"1","1",0,1.62451868023659,4.28773396005364
106,1,0.001,"2","2",0,1.62451868023659,4.28773396005364
107,1,0.001,"3","3",0,1.62451868023659,4.28773396005364
108,1,0.001,"4","4",0,1.62451868023659,4.28773396005364
109,1,0.001,"5","5",1,1.55128503023387,4.59454386097473
110,1,0.001,"6","6",1,1.55128503023387,4.59454386097473
111,1,0.001,"7","7",0,1.62451868023659,4.28773396005364
112,1,0.001,"1","1",0,1.62451868023659,4.28773396005364
113,1,0.001,"2","2",0,1.62451868023659,4.28773396005364
114,1,0.001,"3","3",0,1.62451868023659,4.28773396005364
115,1,0.001,"4","4",0,1.62451868023659,4.28773396005364
116,1,0.001,"5","5",1,1.55128503023387,4.59454386097473
117,1,0.001,"6","6",1,1.55128503023387,4.59454386097473
118,1,0.001,"7","7",0,1.62451868023659,4.28773396005364
119,1,0.001,"1","1",0,1.62451868023659,4.28773396005364
120,1,0.001,"2","2",0,1.62451868023659,4.28773396005364
121,1,0.001,"3","3",0,1.62451868023659,4.28773396005364
122,1,0.001,"4","4",0,1.62451868023659,4.28773396005364
123,1,0.001,"5","5",1,1.55128503023387,4.59454386097473
124,1,0.001,"6","6",1,1.55128503023387,4.59454386097473
125,1,0.001,"7","7",0,1.62451868023659,4.28773396005364
126,1,0.001,"1","1",0,1.62451868023659,4.28773396005364
127,1,0.001,"2","2",0,1.62451868023659,4.28773396005364
128,1,0.001,"3","3",0,1.62451868023659,4.28773396005364
129,1,0.001,"4","4",0,1.62451868023659,4.28773396005364
130,1,0.001,"5","5",1,1.55128503023387,4.59454386097473
131,1,0.001,"6","6",1,1.55128503023387,4.59454386097473
132,1,0.001,"7","7",0,1.62451868023659,4.28773396005364
133,1,0.001,"1","1",0,1.62451868023659,4.28773396005364
134,1,0.001,"2","2",0,1.62451868023659,4.28773396005364
135,1,0.001,"3","3",0,1.62451868023659,4.28773396005364
136,1,0.001,"4","4",0,1.62451868023659,4.28773396005364
137,1,0.001,"5","5",1,1.55128503023387,4.59454386097473
138,1,0.001,"6","6",1,1.55128503023387,4.59454386097473
139,1,0.001,"7","7",0,1.62451868023659,4.28773396005364
140,1,0.001,"1","1",0,1.62451868023659,4.28773396005364
141,1,0.001,"2","2",0,1.62451868023659,4.28773396005364
81,2,0,"5","6",1,1.55128503023387,4.59454386097473
82,2,0,"6","7",1,1.55128503023387,4.59454386097473
83,2,0,"7","1",0,1.62451868023659,4.28773396005364
84,2,0,"1","2",0,1.62451868023659,4.28773396005364
85,2,0,"2","3",0,1.62451868023659,4.28773396005364
86,2,0,"3","4",0,1.62451868023659,4.28773396005364
87,2,0,"4","5",0,1.62451868023659,4.28773396005364
88,2,0,"5","6",1,1.55128503023387,4.59454386097473
89,2,0,"6","7",1,1.55128503023387,4.59454386097473
90,2,1,"7","1",0,1.62451868023659,4.28773396005364
91,2,0,"1","2",0,1.62451868023659,4.28773396005364
92,2,0,"2","3",0,1.62451868023659,4.28773396005364
93,2,0,"3","4",0,1.62451868023659,4.28773396005364
94,2,0,"4","5",0,1.62451868023659,4.28773396005364
95,2,0,"5","6",1,1.55128503023387,4.59454386097473
96,2,0,"6","7",1,1.55128503023387,4.59454386097473
97,2,0,"7","1",0,1.62451868023659,4.28773396005364
98,2,1,"1","2",0,1.62451868023659,4.28773396005364
99,2,0,"2","3",0,1.62451868023659,4.28773396005364
100,2,0,"3","4",0,1.62451868023659,4.28773396005364
101,2,0,"4","5",0,1.62451868023659,4.28773396005364
102,2,0,"5","6",1,1.55128503023387,4.59454386097473
103,2,0,"6","7",1,1.55128503023387,4.59454386097473
104,2,0,"7","1",0,1.62451868023659,4.28773396005364
105,2,0,"1","2",0,1.62451868023659,4.28773396005364
106,2,0,"2","3",0,1.62451868023659,4.28773396005364
107,2,0,"3","4",0,1.62451868023659,4.28773396005364
108,2,0,"4","5",0,1.62451868023659,4.28773396005364
109,2,0,"5","6",1,1.55128503023387,4.59454386097473
110,2,0,"6","7",1,1.55128503023387,4.59454386097473
111,2,0,"7","1",0,1.62451868023659,4.28773396005364
112,2,0,"1","2",0,1.62451868023659,4.28773396005364
113,2,0,"2","3",0,1.62451868023659,4.28773396005364
114,2,0,"3","4",0,1.62451868023659,4.28773396005364
115,2,0,"4","5",0,1.62451868023659,4.28773396005364
116,2,0,"5","6",1,1.55128503023387,4.59454386097473
117,2,0,"6","7",1,1.55128503023387,4.59454386097473
118,2,0,"7","1",0,1.62451868023659,4.28773396005364
119,2,0,"1","2",0,1.62451868023659,4.28773396005364
120,2,0,"2","3",0,1.62451868023659,4.28773396005364
121,2,0,"3","4",0,1.62451868023659,4.28773396005364
122,2,0,"4","5",0,1.62451868023659,4.28773396005364
123,2,0,"5","6",1,1.55128503023387,4.59454386097473
124,2,0,"6","7",1,1.55128503023387,4.59454386097473
125,2,0,"7","1",0,1.62451868023659,4.28773396005364
126,2,0,"1","2",0,1.62451868023659,4.28773396005364
127,2,0,"2","3",0,1.62451868023659,4.28773396005364
128,2,0,"3","4",0,1.62451868023659,4.28773396005364
129,2,0,"4","5",0,1.62451868023659,4.28773396005364
130,2,0,"5","6",1,1.55128503023387,4.59454386097473
131,2,0,"6","7",1,1.55128503023387,4.59454386097473
132,2,0,"7","1",0,1.62451868023659,4.28773396005364
133,2,0,"1","2",0,1.62451868023659,4.28773396005364
134,2,0,"2","3",0,1.62451868023659,4.28773396005364
135,2,0,"3","4",0,1.62451868023659,4.28773396005364
136,2,0,"4","5",0,1.62451868023659,4.28773396005364
137,2,0,"5","6",1,1.55128503023387,4.59454386097473
138,2,0,"6","7",1,1.55128503023387,4.59454386097473
139,2,0,"7","1",0,1.62451868023659,4.28773396005364
140,2,0,"1","2",0,1.62451868023659,4.28773396005364
141,2,NA,"2","3",0,1.62451868023659,4.28773396005364
81,3,0,"5","7",1,1.55128503023387,4.59454386097473
82,3,0,"6","1",1,1.55128503023387,4.59454386097473
83,3,0,"7","2",0,1.62451868023659,4.28773396005364
84,3,0,"1","3",0,1.62451868023659,4.28773396005364
85,3,0,"2","4",0,1.62451868023659,4.28773396005364
86,3,0,"3","5",0,1.62451868023659,4.28773396005364
87,3,0,"4","6",0,1.62451868023659,4.28773396005364
88,3,0,"5","7",1,1.55128503023387,4.59454386097473
89,3,0,"6","1",1,1.55128503023387,4.59454386097473
90,3,0,"7","2",0,1.62451868023659,4.28773396005364
91,3,0,"1","3",0,1.62451868023659,4.28773396005364
92,3,0,"2","4",0,1.62451868023659,4.28773396005364
93,3,0,"3","5",0,1.62451868023659,4.28773396005364
94,3,0,"4","6",0,1.62451868023659,4.28773396005364
95,3,0,"5","7",1,1.55128503023387,4.59454386097473
96,3,0,"6","1",1,1.55128503023387,4.59454386097473
97,3,0,"7","2",0,1.62451868023659,4.28773396005364
98,3,0,"1","3",0,1.62451868023659,4.28773396005364
99,3,0,"2","4",0,1.62451868023659,4.28773396005364
100,3,0,"3","5",0,1.62451868023659,4.28773396005364
101,3,0,"4","6",0,1.62451868023659,4.28773396005364
102,3,0,"5","7",1,1.55128503023387,4.59454386097473
103,3,0,"6","1",1,1.55128503023387,4.59454386097473
104,3,0,"7","2",0,1.62451868023659,4.28773396005364
105,3,0,"1","3",0,1.62451868023659,4.28773396005364
106,3,0,"2","4",0,1.62451868023659,4.28773396005364
107,3,0,"3","5",0,1.62451868023659,4.28773396005364
108,3,0,"4","6",0,1.62451868023659,4.28773396005364
109,3,0,"5","7",1,1.55128503023387,4.59454386097473
110,3,0,"6","1",1,1.55128503023387,4.59454386097473
111,3,0,"7","2",0,1.62451868023659,4.28773396005364
112,3,0,"1","3",0,1.62451868023659,4.28773396005364
113,3,0,"2","4",0,1.62451868023659,4.28773396005364
114,3,0,"3","5",0,1.62451868023659,4.28773396005364
115,3,0,"4","6",0,1.62451868023659,4.28773396005364
116,3,0,"5","7",1,1.55128503023387,4.59454386097473
117,3,0,"6","1",1,1.55128503023387,4.59454386097473
118,3,0,"7","2",0,1.62451868023659,4.28773396005364
119,3,0,"1","3",0,1.62451868023659,4.28773396005364
120,3,0,"2","4",0,1.62451868023659,4.28773396005364
121,3,0,"3","5",0,1.62451868023659,4.28773396005364
122,3,0,"4","6",0,1.62451868023659,4.28773396005364
123,3,1,"5","7",1,1.55128503023387,4.59454386097473
124,3,0,"6","1",1,1.55128503023387,4.59454386097473
125,3,3,"7","2",0,1.62451868023659,4.28773396005364
126,3,0,"1","3",0,1.62451868023659,4.28773396005364
127,3,0,"2","4",0,1.62451868023659,4.28773396005364
128,3,0,"3","5",0,1.62451868023659,4.28773396005364
129,3,0,"4","6",0,1.62451868023659,4.28773396005364
130,3,0,"5","7",1,1.55128503023387,4.59454386097473
131,3,0,"6","1",1,1.55128503023387,4.59454386097473
132,3,1,"7","2",0,1.62451868023659,4.28773396005364
133,3,1,"1","3",0,1.62451868023659,4.28773396005364
134,3,0,"2","4",0,1.62451868023659,4.28773396005364
135,3,0,"3","5",0,1.62451868023659,4.28773396005364
136,3,2,"4","6",0,1.62451868023659,4.28773396005364
137,3,0,"5","7",1,1.55128503023387,4.59454386097473
138,3,0,"6","1",1,1.55128503023387,4.59454386097473
139,3,0,"7","2",0,1.62451868023659,4.28773396005364
140,3,NA,"1","3",0,1.62451868023659,4.28773396005364
141,3,NA,"2","4",0,1.62451868023659,4.28773396005364
81,4,5,"5","1",1,1.55128503023387,4.59454386097473
82,4,2,"6","2",1,1.55128503023387,4.59454386097473
83,4,2,"7","3",0,1.62451868023659,4.28773396005364
84,4,1,"1","4",0,1.62451868023659,4.28773396005364
85,4,10,"2","5",0,1.62451868023659,4.28773396005364
86,4,10,"3","6",0,1.62451868023659,4.28773396005364
87,4,6,"4","7",0,1.62451868023659,4.28773396005364
88,4,12,"5","1",1,1.55128503023387,4.59454386097473
89,4,16,"6","2",1,1.55128503023387,4.59454386097473
90,4,4,"7","3",0,1.62451868023659,4.28773396005364
91,4,1,"1","4",0,1.62451868023659,4.28773396005364
92,4,15,"2","5",0,1.62451868023659,4.28773396005364
93,4,11,"3","6",0,1.62451868023659,4.28773396005364
94,4,8,"4","7",0,1.62451868023659,4.28773396005364
95,4,7,"5","1",1,1.55128503023387,4.59454386097473
96,4,10,"6","2",1,1.55128503023387,4.59454386097473
97,4,0,"7","3",0,1.62451868023659,4.28773396005364
98,4,3,"1","4",0,1.62451868023659,4.28773396005364
99,4,6,"2","5",0,1.62451868023659,4.28773396005364
100,4,11,"3","6",0,1.62451868023659,4.28773396005364
101,4,0,"4","7",0,1.62451868023659,4.28773396005364
102,4,0,"5","1",1,1.55128503023387,4.59454386097473
103,4,0,"6","2",1,1.55128503023387,4.59454386097473
104,4,0,"7","3",0,1.62451868023659,4.28773396005364
105,4,1,"1","4",0,1.62451868023659,4.28773396005364
106,4,10,"2","5",0,1.62451868023659,4.28773396005364
107,4,3,"3","6",0,1.62451868023659,4.28773396005364
108,4,4,"4","7",0,1.62451868023659,4.28773396005364
109,4,0,"5","1",1,1.55128503023387,4.59454386097473
110,4,3,"6","2",1,1.55128503023387,4.59454386097473
111,4,0,"7","3",0,1.62451868023659,4.28773396005364
112,4,4,"1","4",0,1.62451868023659,4.28773396005364
113,4,10,"2","5",0,1.62451868023659,4.28773396005364
114,4,10,"3","6",0,1.62451868023659,4.28773396005364
115,4,2,"4","7",0,1.62451868023659,4.28773396005364
116,4,0,"5","1",1,1.55128503023387,4.59454386097473
117,4,31,"6","2",1,1.55128503023387,4.59454386097473
118,4,0,"7","3",0,1.62451868023659,4.28773396005364
119,4,2,"1","4",0,1.62451868023659,4.28773396005364
120,4,25,"2","5",0,1.62451868023659,4.28773396005364
121,4,23,"3","6",0,1.62451868023659,4.28773396005364
122,4,11,"4","7",0,1.62451868023659,4.28773396005364
123,4,0,"5","1",1,1.55128503023387,4.59454386097473
124,4,3,"6","2",1,1.55128503023387,4.59454386097473
125,4,4,"7","3",0,1.62451868023659,4.28773396005364
126,4,0,"1","4",0,1.62451868023659,4.28773396005364
127,4,13,"2","5",0,1.62451868023659,4.28773396005364
128,4,16,"3","6",0,1.62451868023659,4.28773396005364
129,4,0,"4","7",0,1.62451868023659,4.28773396005364
130,4,0,"5","1",1,1.55128503023387,4.59454386097473
131,4,9,"6","2",1,1.55128503023387,4.59454386097473
132,4,8,"7","3",0,1.62451868023659,4.28773396005364
133,4,2,"1","4",0,1.62451868023659,4.28773396005364
134,4,11,"2","5",0,1.62451868023659,4.28773396005364
135,4,21,"3","6",0,1.62451868023659,4.28773396005364
136,4,0,"4","7",0,1.62451868023659,4.28773396005364
137,4,0,"5","1",1,1.55128503023387,4.59454386097473
138,4,7,"6","2",1,1.55128503023387,4.59454386097473
139,4,NA,"7","3",0,1.62451868023659,4.28773396005364
140,4,NA,"1","4",0,1.62451868023659,4.28773396005364
141,4,NA,"2","5",0,1.62451868023659,4.28773396005364
81,5,24,"5","2",1,1.55128503023387,4.59454386097473
82,5,17,"6","3",1,1.55128503023387,4.59454386097473
83,5,8,"7","4",0,1.62451868023659,4.28773396005364
84,5,4,"1","5",0,1.62451868023659,4.28773396005364
85,5,21,"2","6",0,1.62451868023659,4.28773396005364
86,5,19,"3","7",0,1.62451868023659,4.28773396005364
87,5,18,"4","1",0,1.62451868023659,4.28773396005364
88,5,25,"5","2",1,1.55128503023387,4.59454386097473
89,5,23,"6","3",1,1.55128503023387,4.59454386097473
90,5,9,"7","4",0,1.62451868023659,4.28773396005364
91,5,4,"1","5",0,1.62451868023659,4.28773396005364
92,5,20,"2","6",0,1.62451868023659,4.28773396005364
93,5,35,"3","7",0,1.62451868023659,4.28773396005364
94,5,24,"4","1",0,1.62451868023659,4.28773396005364
95,5,15,"5","2",1,1.55128503023387,4.59454386097473
96,5,0,"6","3",1,1.55128503023387,4.59454386097473
97,5,9,"7","4",0,1.62451868023659,4.28773396005364
98,5,4,"1","5",0,1.62451868023659,4.28773396005364
99,5,36,"2","6",0,1.62451868023659,4.28773396005364
100,5,0,"3","7",0,1.62451868023659,4.28773396005364
101,5,0,"4","1",0,1.62451868023659,4.28773396005364
102,5,0,"5","2",1,1.55128503023387,4.59454386097473
103,5,18,"6","3",1,1.55128503023387,4.59454386097473
104,5,8,"7","4",0,1.62451868023659,4.28773396005364
105,5,1,"1","5",0,1.62451868023659,4.28773396005364
106,5,31,"2","6",0,1.62451868023659,4.28773396005364
107,5,34,"3","7",0,1.62451868023659,4.28773396005364
108,5,0,"4","1",0,1.62451868023659,4.28773396005364
109,5,13,"5","2",1,1.55128503023387,4.59454386097473
110,5,7,"6","3",1,1.55128503023387,4.59454386097473
111,5,6,"7","4",0,1.62451868023659,4.28773396005364
112,5,1,"1","5",0,1.62451868023659,4.28773396005364
113,5,19,"2","6",0,1.62451868023659,4.28773396005364
114,5,10,"3","7",0,1.62451868023659,4.28773396005364
115,5,0,"4","1",0,1.62451868023659,4.28773396005364
116,5,41,"5","2",1,1.55128503023387,4.59454386097473
117,5,0,"6","3",1,1.55128503023387,4.59454386097473
118,5,14,"7","4",0,1.62451868023659,4.28773396005364
119,5,4,"1","5",0,1.62451868023659,4.28773396005364
120,5,14,"2","6",0,1.62451868023659,4.28773396005364
121,5,12,"3","7",0,1.62451868023659,4.28773396005364
122,5,0,"4","1",0,1.62451868023659,4.28773396005364
123,5,25,"5","2",1,1.55128503023387,4.59454386097473
124,5,11,"6","3",1,1.55128503023387,4.59454386097473
125,5,3,"7","4",0,1.62451868023659,4.28773396005364
126,5,0,"1","5",0,1.62451868023659,4.28773396005364
127,5,25,"2","6",0,1.62451868023659,4.28773396005364
128,5,0,"3","7",0,1.62451868023659,4.28773396005364
129,5,0,"4","1",0,1.62451868023659,4.28773396005364
130,5,25,"5","2",1,1.55128503023387,4.59454386097473
131,5,5,"6","3",1,1.55128503023387,4.59454386097473
132,5,5,"7","4",0,1.62451868023659,4.28773396005364
133,5,0,"1","5",0,1.62451868023659,4.28773396005364
134,5,22,"2","6",0,1.62451868023659,4.28773396005364
135,5,0,"3","7",0,1.62451868023659,4.28773396005364
136,5,0,"4","1",0,1.62451868023659,4.28773396005364
137,5,19,"5","2",1,1.55128503023387,4.59454386097473
138,5,NA,"6","3",1,1.55128503023387,4.59454386097473
139,5,NA,"7","4",0,1.62451868023659,4.28773396005364
140,5,NA,"1","5",0,1.62451868023659,4.28773396005364
141,5,NA,"2","6",0,1.62451868023659,4.28773396005364
81,6,2,"5","3",1,1.55128503023387,4.59454386097473
82,6,7,"6","4",1,1.55128503023387,4.59454386097473
83,6,0,"7","5",0,1.62451868023659,4.28773396005364
84,6,0,"1","6",0,1.62451868023659,4.28773396005364
85,6,5,"2","7",0,1.62451868023659,4.28773396005364
86,6,2,"3","1",0,1.62451868023659,4.28773396005364
87,6,3,"4","2",0,1.62451868023659,4.28773396005364
88,6,3,"5","3",1,1.55128503023387,4.59454386097473
89,6,3,"6","4",1,1.55128503023387,4.59454386097473
90,6,0,"7","5",0,1.62451868023659,4.28773396005364
91,6,1,"1","6",0,1.62451868023659,4.28773396005364
92,6,6,"2","7",0,1.62451868023659,4.28773396005364
93,6,1,"3","1",0,1.62451868023659,4.28773396005364
94,6,6,"4","2",0,1.62451868023659,4.28773396005364
95,6,0,"5","3",1,1.55128503023387,4.59454386097473
96,6,29,"6","4",1,1.55128503023387,4.59454386097473
97,6,0,"7","5",0,1.62451868023659,4.28773396005364
98,6,0,"1","6",0,1.62451868023659,4.28773396005364
99,6,0,"2","7",0,1.62451868023659,4.28773396005364
100,6,0,"3","1",0,1.62451868023659,4.28773396005364
101,6,0,"4","2",0,1.62451868023659,4.28773396005364
102,6,3,"5","3",1,1.55128503023387,4.59454386097473
103,6,18,"6","4",1,1.55128503023387,4.59454386097473
104,6,0,"7","5",0,1.62451868023659,4.28773396005364
105,6,4,"1","6",0,1.62451868023659,4.28773396005364
106,6,8,"2","7",0,1.62451868023659,4.28773396005364
107,6,0,"3","1",0,1.62451868023659,4.28773396005364
108,6,21,"4","2",0,1.62451868023659,4.28773396005364
109,6,12,"5","3",1,1.55128503023387,4.59454386097473
110,6,23,"6","4",1,1.55128503023387,4.59454386097473
111,6,0,"7","5",0,1.62451868023659,4.28773396005364
112,6,0,"1","6",0,1.62451868023659,4.28773396005364
113,6,0,"2","7",0,1.62451868023659,4.28773396005364
114,6,0,"3","1",0,1.62451868023659,4.28773396005364
115,6,30,"4","2",0,1.62451868023659,4.28773396005364
116,6,0,"5","3",1,1.55128503023387,4.59454386097473
117,6,9,"6","4",1,1.55128503023387,4.59454386097473
118,6,3,"7","5",0,1.62451868023659,4.28773396005364
119,6,2,"1","6",0,1.62451868023659,4.28773396005364
120,6,1,"2","7",0,1.62451868023659,4.28773396005364
121,6,0,"3","1",0,1.62451868023659,4.28773396005364
122,6,14,"4","2",0,1.62451868023659,4.28773396005364
123,6,11,"5","3",1,1.55128503023387,4.59454386097473
124,6,14,"6","4",1,1.55128503023387,4.59454386097473
125,6,0,"7","5",0,1.62451868023659,4.28773396005364
126,6,5,"1","6",0,1.62451868023659,4.28773396005364
127,6,0,"2","7",0,1.62451868023659,4.28773396005364
128,6,0,"3","1",0,1.62451868023659,4.28773396005364
129,6,36,"4","2",0,1.62451868023659,4.28773396005364
130,6,11,"5","3",1,1.55128503023387,4.59454386097473
131,6,11,"6","4",1,1.55128503023387,4.59454386097473
132,6,1,"7","5",0,1.62451868023659,4.28773396005364
133,6,2,"1","6",0,1.62451868023659,4.28773396005364
134,6,0,"2","7",0,1.62451868023659,4.28773396005364
135,6,0,"3","1",0,1.62451868023659,4.28773396005364
136,6,19,"4","2",0,1.62451868023659,4.28773396005364
137,6,NA,"5","3",1,1.55128503023387,4.59454386097473
138,6,NA,"6","4",1,1.55128503023387,4.59454386097473
139,6,NA,"7","5",0,1.62451868023659,4.28773396005364
140,6,NA,"1","6",0,1.62451868023659,4.28773396005364
141,6,NA,"2","7",0,1.62451868023659,4.28773396005364
81,7,0,"5","4",1,1.55128503023387,4.59454386097473
82,7,0,"6","5",1,1.55128503023387,4.59454386097473
83,7,0,"7","6",0,1.62451868023659,4.28773396005364
84,7,1,"1","7",0,1.62451868023659,4.28773396005364
85,7,0,"2","1",0,1.62451868023659,4.28773396005364
86,7,3,"3","2",0,1.62451868023659,4.28773396005364
87,7,0,"4","3",0,1.62451868023659,4.28773396005364
88,7,1,"5","4",1,1.55128503023387,4.59454386097473
89,7,4,"6","5",1,1.55128503023387,4.59454386097473
90,7,0,"7","6",0,1.62451868023659,4.28773396005364
91,7,1,"1","7",0,1.62451868023659,4.28773396005364
92,7,0,"2","1",0,1.62451868023659,4.28773396005364
93,7,4,"3","2",0,1.62451868023659,4.28773396005364
94,7,0,"4","3",0,1.62451868023659,4.28773396005364
95,7,2,"5","4",1,1.55128503023387,4.59454386097473
96,7,7,"6","5",1,1.55128503023387,4.59454386097473
97,7,0,"7","6",0,1.62451868023659,4.28773396005364
98,7,0,"1","7",0,1.62451868023659,4.28773396005364
99,7,0,"2","1",0,1.62451868023659,4.28773396005364
100,7,0,"3","2",0,1.62451868023659,4.28773396005364
101,7,16,"4","3",0,1.62451868023659,4.28773396005364
102,7,51,"5","4",1,1.55128503023387,4.59454386097473
103,7,10,"6","5",1,1.55128503023387,4.59454386097473
104,7,1,"7","6",0,1.62451868023659,4.28773396005364
105,7,0,"1","7",0,1.62451868023659,4.28773396005364
106,7,0,"2","1",0,1.62451868023659,4.28773396005364
107,7,4,"3","2",0,1.62451868023659,4.28773396005364
108,7,1,"4","3",0,1.62451868023659,4.28773396005364
109,7,19,"5","4",1,1.55128503023387,4.59454386097473
110,7,3,"6","5",1,1.55128503023387,4.59454386097473
111,7,1,"7","6",0,1.62451868023659,4.28773396005364
112,7,0,"1","7",0,1.62451868023659,4.28773396005364
113,7,0,"2","1",0,1.62451868023659,4.28773396005364
114,7,35,"3","2",0,1.62451868023659,4.28773396005364
115,7,0,"4","3",0,1.62451868023659,4.28773396005364
116,7,0,"5","4",1,1.55128503023387,4.59454386097473
117,7,4,"6","5",1,1.55128503023387,4.59454386097473
118,7,3,"7","6",0,1.62451868023659,4.28773396005364
119,7,1,"1","7",0,1.62451868023659,4.28773396005364
120,7,0,"2","1",0,1.62451868023659,4.28773396005364
121,7,6,"3","2",0,1.62451868023659,4.28773396005364
122,7,3,"4","3",0,1.62451868023659,4.28773396005364
123,7,6,"5","4",1,1.55128503023387,4.59454386097473
124,7,0,"6","5",1,1.55128503023387,4.59454386097473
125,7,1,"7","6",0,1.62451868023659,4.28773396005364
126,7,0,"1","7",0,1.62451868023659,4.28773396005364
127,7,0,"2","1",0,1.62451868023659,4.28773396005364
128,7,20,"3","2",0,1.62451868023659,4.28773396005364
129,7,4,"4","3",0,1.62451868023659,4.28773396005364
130,7,2,"5","4",1,1.55128503023387,4.59454386097473
131,7,3,"6","5",1,1.55128503023387,4.59454386097473
132,7,0,"7","6",0,1.62451868023659,4.28773396005364
133,7,0,"1","7",0,1.62451868023659,4.28773396005364
134,7,0,"2","1",0,1.62451868023659,4.28773396005364
135,7,9,"3","2",0,1.62451868023659,4.28773396005364
136,7,NA,"4","3",0,1.62451868023659,4.28773396005364
137,7,NA,"5","4",1,1.55128503023387,4.59454386097473
138,7,NA,"6","5",1,1.55128503023387,4.59454386097473
139,7,NA,"7","6",0,1.62451868023659,4.28773396005364
140,7,NA,"1","7",0,1.62451868023659,4.28773396005364
141,7,NA,"2","1",0,1.62451868023659,4.28773396005364
81,8,0,"5","5",1,1.55128503023387,4.59454386097473
82,8,0,"6","6",1,1.55128503023387,4.59454386097473
83,8,0,"7","7",0,1.62451868023659,4.28773396005364
84,8,0,"1","1",0,1.62451868023659,4.28773396005364
85,8,0,"2","2",0,1.62451868023659,4.28773396005364
86,8,0,"3","3",0,1.62451868023659,4.28773396005364
87,8,0,"4","4",0,1.62451868023659,4.28773396005364
88,8,0,"5","5",1,1.55128503023387,4.59454386097473
89,8,1,"6","6",1,1.55128503023387,4.59454386097473
90,8,0,"7","7",0,1.62451868023659,4.28773396005364
91,8,0,"1","1",0,1.62451868023659,4.28773396005364
92,8,4,"2","2",0,1.62451868023659,4.28773396005364
93,8,0,"3","3",0,1.62451868023659,4.28773396005364
94,8,2,"4","4",0,1.62451868023659,4.28773396005364
95,8,0,"5","5",1,1.55128503023387,4.59454386097473
96,8,3,"6","6",1,1.55128503023387,4.59454386097473
97,8,0,"7","7",0,1.62451868023659,4.28773396005364
98,8,0,"1","1",0,1.62451868023659,4.28773396005364
99,8,0,"2","2",0,1.62451868023659,4.28773396005364
100,8,42,"3","3",0,1.62451868023659,4.28773396005364
101,8,18,"4","4",0,1.62451868023659,4.28773396005364
102,8,1,"5","5",1,1.55128503023387,4.59454386097473
103,8,7,"6","6",1,1.55128503023387,4.59454386097473
104,8,0,"7","7",0,1.62451868023659,4.28773396005364
105,8,0,"1","1",0,1.62451868023659,4.28773396005364
106,8,0,"2","2",0,1.62451868023659,4.28773396005364
107,8,0,"3","3",0,1.62451868023659,4.28773396005364
108,8,9,"4","4",0,1.62451868023659,4.28773396005364
109,8,1,"5","5",1,1.55128503023387,4.59454386097473
110,8,0,"6","6",1,1.55128503023387,4.59454386097473
111,8,0,"7","7",0,1.62451868023659,4.28773396005364
112,8,0,"1","1",0,1.62451868023659,4.28773396005364
113,8,21,"2","2",0,1.62451868023659,4.28773396005364
114,8,0,"3","3",0,1.62451868023659,4.28773396005364
115,8,0,"4","4",0,1.62451868023659,4.28773396005364
116,8,0,"5","5",1,1.55128503023387,4.59454386097473
117,8,1,"6","6",1,1.55128503023387,4.59454386097473
118,8,0,"7","7",0,1.62451868023659,4.28773396005364
119,8,0,"1","1",0,1.62451868023659,4.28773396005364
120,8,2,"2","2",0,1.62451868023659,4.28773396005364
121,8,4,"3","3",0,1.62451868023659,4.28773396005364
122,8,3,"4","4",0,1.62451868023659,4.28773396005364
123,8,0,"5","5",1,1.55128503023387,4.59454386097473
124,8,7,"6","6",1,1.55128503023387,4.59454386097473
125,8,0,"7","7",0,1.62451868023659,4.28773396005364
126,8,0,"1","1",0,1.62451868023659,4.28773396005364
127,8,0,"2","2",0,1.62451868023659,4.28773396005364
128,8,1,"3","3",0,1.62451868023659,4.28773396005364
129,8,0,"4","4",0,1.62451868023659,4.28773396005364
130,8,0,"5","5",1,1.55128503023387,4.59454386097473
131,8,4,"6","6",1,1.55128503023387,4.59454386097473
132,8,0,"7","7",0,1.62451868023659,4.28773396005364
133,8,0,"1","1",0,1.62451868023659,4.28773396005364
134,8,4,"2","2",0,1.62451868023659,4.28773396005364
135,8,NA,"3","3",0,1.62451868023659,4.28773396005364
136,8,NA,"4","4",0,1.62451868023659,4.28773396005364
137,8,NA,"5","5",1,1.55128503023387,4.59454386097473
138,8,NA,"6","6",1,1.55128503023387,4.59454386097473
139,8,NA,"7","7",0,1.62451868023659,4.28773396005364
140,8,NA,"1","1",0,1.62451868023659,4.28773396005364
141,8,NA,"2","2",0,1.62451868023659,4.28773396005364
81,9,0,"5","6",1,1.55128503023387,4.59454386097473
82,9,0,"6","7",1,1.55128503023387,4.59454386097473
83,9,0,"7","1",0,1.62451868023659,4.28773396005364
84,9,0,"1","2",0,1.62451868023659,4.28773396005364
85,9,0,"2","3",0,1.62451868023659,4.28773396005364
86,9,0,"3","4",0,1.62451868023659,4.28773396005364
87,9,0,"4","5",0,1.62451868023659,4.28773396005364
88,9,0,"5","6",1,1.55128503023387,4.59454386097473
89,9,0,"6","7",1,1.55128503023387,4.59454386097473
90,9,0,"7","1",0,1.62451868023659,4.28773396005364
91,9,0,"1","2",0,1.62451868023659,4.28773396005364
92,9,0,"2","3",0,1.62451868023659,4.28773396005364
93,9,0,"3","4",0,1.62451868023659,4.28773396005364
94,9,0,"4","5",0,1.62451868023659,4.28773396005364
95,9,0,"5","6",1,1.55128503023387,4.59454386097473
96,9,1,"6","7",1,1.55128503023387,4.59454386097473
97,9,0,"7","1",0,1.62451868023659,4.28773396005364
98,9,0,"1","2",0,1.62451868023659,4.28773396005364
99,9,5,"2","3",0,1.62451868023659,4.28773396005364
100,9,9,"3","4",0,1.62451868023659,4.28773396005364
101,9,0,"4","5",0,1.62451868023659,4.28773396005364
102,9,4,"5","6",1,1.55128503023387,4.59454386097473
103,9,1,"6","7",1,1.55128503023387,4.59454386097473
104,9,0,"7","1",0,1.62451868023659,4.28773396005364
105,9,0,"1","2",0,1.62451868023659,4.28773396005364
106,9,0,"2","3",0,1.62451868023659,4.28773396005364
107,9,0,"3","4",0,1.62451868023659,4.28773396005364
108,9,0,"4","5",0,1.62451868023659,4.28773396005364
109,9,0,"5","6",1,1.55128503023387,4.59454386097473
110,9,4,"6","7",1,1.55128503023387,4.59454386097473
111,9,0,"7","1",0,1.62451868023659,4.28773396005364
112,9,0,"1","2",0,1.62451868023659,4.28773396005364
113,9,0,"2","3",0,1.62451868023659,4.28773396005364
114,9,1,"3","4",0,1.62451868023659,4.28773396005364
115,9,2,"4","5",0,1.62451868023659,4.28773396005364
116,9,1,"5","6",1,1.55128503023387,4.59454386097473
117,9,0,"6","7",1,1.55128503023387,4.59454386097473
118,9,0,"7","1",0,1.62451868023659,4.28773396005364
119,9,0,"1","2",0,1.62451868023659,4.28773396005364
120,9,1,"2","3",0,1.62451868023659,4.28773396005364
121,9,1,"3","4",0,1.62451868023659,4.28773396005364
122,9,0.999999999999996,"4","5",0,1.62451868023659,4.28773396005364
123,9,2,"5","6",1,1.55128503023387,4.59454386097473
124,9,0,"6","7",1,1.55128503023387,4.59454386097473
125,9,0,"7","1",0,1.62451868023659,4.28773396005364
126,9,0,"1","2",0,1.62451868023659,4.28773396005364
127,9,0,"2","3",0,1.62451868023659,4.28773396005364
128,9,0,"3","4",0,1.62451868023659,4.28773396005364
129,9,1,"4","5",0,1.62451868023659,4.28773396005364
130,9,0,"5","6",1,1.55128503023387,4.59454386097473
131,9,0,"6","7",1,1.55128503023387,4.59454386097473
132,9,0,"7","1",0,1.62451868023659,4.28773396005364
133,9,1,"1","2",0,1.62451868023659,4.28773396005364
134,9,NA,"2","3",0,1.62451868023659,4.28773396005364
135,9,NA,"3","4",0,1.62451868023659,4.28773396005364
136,9,NA,"4","5",0,1.62451868023659,4.28773396005364
137,9,NA,"5","6",1,1.55128503023387,4.59454386097473
138,9,NA,"6","7",1,1.55128503023387,4.59454386097473
139,9,NA,"7","1",0,1.62451868023659,4.28773396005364
140,9,NA,"1","2",0,1.62451868023659,4.28773396005364
141,9,NA,"2","3",0,1.62451868023659,4.28773396005364
81,10,0,"5","7",1,1.55128503023387,4.59454386097473
82,10,0,"6","1",1,1.55128503023387,4.59454386097473
83,10,0,"7","2",0,1.62451868023659,4.28773396005364
84,10,0,"1","3",0,1.62451868023659,4.28773396005364
85,10,0,"2","4",0,1.62451868023659,4.28773396005364
86,10,0,"3","5",0,1.62451868023659,4.28773396005364
87,10,0,"4","6",0,1.62451868023659,4.28773396005364
88,10,0,"5","7",1,1.55128503023387,4.59454386097473
89,10,0,"6","1",1,1.55128503023387,4.59454386097473
90,10,0,"7","2",0,1.62451868023659,4.28773396005364
91,10,0,"1","3",0,1.62451868023659,4.28773396005364
92,10,0,"2","4",0,1.62451868023659,4.28773396005364
93,10,0,"3","5",0,1.62451868023659,4.28773396005364
94,10,1,"4","6",0,1.62451868023659,4.28773396005364
95,10,0,"5","7",1,1.55128503023387,4.59454386097473
96,10,0,"6","1",1,1.55128503023387,4.59454386097473
97,10,0,"7","2",0,1.62451868023659,4.28773396005364
98,10,0,"1","3",0,1.62451868023659,4.28773396005364
99,10,0,"2","4",0,1.62451868023659,4.28773396005364
100,10,3.00000000000001,"3","5",0,1.62451868023659,4.28773396005364
101,10,1,"4","6",0,1.62451868023659,4.28773396005364
102,10,2,"5","7",1,1.55128503023387,4.59454386097473
103,10,0,"6","1",1,1.55128503023387,4.59454386097473
104,10,0,"7","2",0,1.62451868023659,4.28773396005364
105,10,0,"1","3",0,1.62451868023659,4.28773396005364
106,10,0,"2","4",0,1.62451868023659,4.28773396005364
107,10,0,"3","5",0,1.62451868023659,4.28773396005364
108,10,0,"4","6",0,1.62451868023659,4.28773396005364
109,10,0,"5","7",1,1.55128503023387,4.59454386097473
110,10,0,"6","1",1,1.55128503023387,4.59454386097473
111,10,2,"7","2",0,1.62451868023659,4.28773396005364
112,10,0,"1","3",0,1.62451868023659,4.28773396005364
113,10,0,"2","4",0,1.62451868023659,4.28773396005364
114,10,1,"3","5",0,1.62451868023659,4.28773396005364
115,10,1,"4","6",0,1.62451868023659,4.28773396005364
116,10,0,"5","7",1,1.55128503023387,4.59454386097473
117,10,0,"6","1",1,1.55128503023387,4.59454386097473
118,10,0,"7","2",0,1.62451868023659,4.28773396005364
119,10,0,"1","3",0,1.62451868023659,4.28773396005364
120,10,2,"2","4",0,1.62451868023659,4.28773396005364
121,10,0,"3","5",0,1.62451868023659,4.28773396005364
122,10,1,"4","6",0,1.62451868023659,4.28773396005364
123,10,0,"5","7",1,1.55128503023387,4.59454386097473
124,10,0,"6","1",1,1.55128503023387,4.59454386097473
125,10,1,"7","2",0,1.62451868023659,4.28773396005364
126,10,0,"1","3",0,1.62451868023659,4.28773396005364
127,10,1,"2","4",0,1.62451868023659,4.28773396005364
128,10,0,"3","5",0,1.62451868023659,4.28773396005364
129,10,0,"4","6",0,1.62451868023659,4.28773396005364
130,10,0,"5","7",1,1.55128503023387,4.59454386097473
131,10,0,"6","1",1,1.55128503023387,4.59454386097473
132,10,1,"7","2",0,1.62451868023659,4.28773396005364
133,10,NA,"1","3",0,1.62451868023659,4.28773396005364
134,10,NA,"2","4",0,1.62451868023659,4.28773396005364
135,10,NA,"3","5",0,1.62451868023659,4.28773396005364
136,10,NA,"4","6",0,1.62451868023659,4.28773396005364
137,10,NA,"5","7",1,1.55128503023387,4.59454386097473
138,10,NA,"6","1",1,1.55128503023387,4.59454386097473
139,10,NA,"7","2",0,1.62451868023659,4.28773396005364
140,10,NA,"1","3",0,1.62451868023659,4.28773396005364
141,10,NA,"2","4",0,1.62451868023659,4.28773396005364
81,11,0,"5","1",1,1.55128503023387,4.59454386097473
82,11,0,"6","2",1,1.55128503023387,4.59454386097473
83,11,0,"7","3",0,1.62451868023659,4.28773396005364
84,11,0,"1","4",0,1.62451868023659,4.28773396005364
85,11,0,"2","5",0,1.62451868023659,4.28773396005364
86,11,0,"3","6",0,1.62451868023659,4.28773396005364
87,11,0,"4","7",0,1.62451868023659,4.28773396005364
88,11,1,"5","1",1,1.55128503023387,4.59454386097473
89,11,1,"6","2",1,1.55128503023387,4.59454386097473
90,11,0,"7","3",0,1.62451868023659,4.28773396005364
91,11,0,"1","4",0,1.62451868023659,4.28773396005364
92,11,1,"2","5",0,1.62451868023659,4.28773396005364
93,11,0,"3","6",0,1.62451868023659,4.28773396005364
94,11,0,"4","7",0,1.62451868023659,4.28773396005364
95,11,0,"5","1",1,1.55128503023387,4.59454386097473
96,11,0,"6","2",1,1.55128503023387,4.59454386097473
97,11,0,"7","3",0,1.62451868023659,4.28773396005364
98,11,1,"1","4",0,1.62451868023659,4.28773396005364
99,11,0,"2","5",0,1.62451868023659,4.28773396005364
100,11,0,"3","6",0,1.62451868023659,4.28773396005364
101,11,0,"4","7",0,1.62451868023659,4.28773396005364
102,11,0,"5","1",1,1.55128503023387,4.59454386097473
103,11,0,"6","2",1,1.55128503023387,4.59454386097473
104,11,0,"7","3",0,1.62451868023659,4.28773396005364
105,11,0,"1","4",0,1.62451868023659,4.28773396005364
106,11,0,"2","5",0,1.62451868023659,4.28773396005364
107,11,1,"3","6",0,1.62451868023659,4.28773396005364
108,11,0,"4","7",0,1.62451868023659,4.28773396005364
109,11,0,"5","1",1,1.55128503023387,4.59454386097473
110,11,0,"6","2",1,1.55128503023387,4.59454386097473
111,11,0,"7","3",0,1.62451868023659,4.28773396005364
112,11,0,"1","4",0,1.62451868023659,4.28773396005364
113,11,0,"2","5",0,1.62451868023659,4.28773396005364
114,11,0,"3","6",0,1.62451868023659,4.28773396005364
115,11,0,"4","7",0,1.62451868023659,4.28773396005364
116,11,0,"5","1",1,1.55128503023387,4.59454386097473
117,11,0,"6","2",1,1.55128503023387,4.59454386097473
118,11,0,"7","3",0,1.62451868023659,4.28773396005364
119,11,0,"1","4",0,1.62451868023659,4.28773396005364
120,11,0,"2","5",0,1.62451868023659,4.28773396005364
121,11,1,"3","6",0,1.62451868023659,4.28773396005364
122,11,0,"4","7",0,1.62451868023659,4.28773396005364
123,11,0,"5","1",1,1.55128503023387,4.59454386097473
124,11,1,"6","2",1,1.55128503023387,4.59454386097473
125,11,0,"7","3",0,1.62451868023659,4.28773396005364
126,11,0,"1","4",0,1.62451868023659,4.28773396005364
127,11,0,"2","5",0,1.62451868023659,4.28773396005364
128,11,0,"3","6",0,1.62451868023659,4.28773396005364
129,11,0,"4","7",0,1.62451868023659,4.28773396005364
130,11,0,"5","1",1,1.55128503023387,4.59454386097473
131,11,4,"6","2",1,1.55128503023387,4.59454386097473
132,11,NA,"7","3",0,1.62451868023659,4.28773396005364
133,11,NA,"1","4",0,1.62451868023659,4.28773396005364
134,11,NA,"2","5",0,1.62451868023659,4.28773396005364
135,11,NA,"3","6",0,1.62451868023659,4.28773396005364
136,11,NA,"4","7",0,1.62451868023659,4.28773396005364
137,11,NA,"5","1",1,1.55128503023387,4.59454386097473
138,11,NA,"6","2",1,1.55128503023387,4.59454386097473
139,11,NA,"7","3",0,1.62451868023659,4.28773396005364
140,11,NA,"1","4",0,1.62451868023659,4.28773396005364
141,11,NA,"2","5",0,1.62451868023659,4.28773396005364
81,12,0,"5","2",1,1.55128503023387,4.59454386097473
82,12,0,"6","3",1,1.55128503023387,4.59454386097473
83,12,0,"7","4",0,1.62451868023659,4.28773396005364
84,12,0,"1","5",0,1.62451868023659,4.28773396005364
85,12,0,"2","6",0,1.62451868023659,4.28773396005364
86,12,0,"3","7",0,1.62451868023659,4.28773396005364
87,12,0,"4","1",0,1.62451868023659,4.28773396005364
88,12,0,"5","2",1,1.55128503023387,4.59454386097473
89,12,0,"6","3",1,1.55128503023387,4.59454386097473
90,12,0,"7","4",0,1.62451868023659,4.28773396005364
91,12,0,"1","5",0,1.62451868023659,4.28773396005364
92,12,0,"2","6",0,1.62451868023659,4.28773396005364
93,12,0,"3","7",0,1.62451868023659,4.28773396005364
94,12,0,"4","1",0,1.62451868023659,4.28773396005364
95,12,0,"5","2",1,1.55128503023387,4.59454386097473
96,12,5,"6","3",1,1.55128503023387,4.59454386097473
97,12,1,"7","4",0,1.62451868023659,4.28773396005364
98,12,0,"1","5",0,1.62451868023659,4.28773396005364
99,12,0,"2","6",0,1.62451868023659,4.28773396005364
100,12,1,"3","7",0,1.62451868023659,4.28773396005364
101,12,0,"4","1",0,1.62451868023659,4.28773396005364
102,12,0,"5","2",1,1.55128503023387,4.59454386097473
103,12,0,"6","3",1,1.55128503023387,4.59454386097473
104,12,0,"7","4",0,1.62451868023659,4.28773396005364
105,12,0,"1","5",0,1.62451868023659,4.28773396005364
106,12,1,"2","6",0,1.62451868023659,4.28773396005364
107,12,0,"3","7",0,1.62451868023659,4.28773396005364
108,12,0,"4","1",0,1.62451868023659,4.28773396005364
109,12,0,"5","2",1,1.55128503023387,4.59454386097473
110,12,0,"6","3",1,1.55128503023387,4.59454386097473
111,12,0,"7","4",0,1.62451868023659,4.28773396005364
112,12,0,"1","5",0,1.62451868023659,4.28773396005364
113,12,0,"2","6",0,1.62451868023659,4.28773396005364
114,12,0,"3","7",0,1.62451868023659,4.28773396005364
115,12,0,"4","1",0,1.62451868023659,4.28773396005364
116,12,0,"5","2",1,1.55128503023387,4.59454386097473
117,12,0,"6","3",1,1.55128503023387,4.59454386097473
118,12,0,"7","4",0,1.62451868023659,4.28773396005364
119,12,0,"1","5",0,1.62451868023659,4.28773396005364
120,12,0,"2","6",0,1.62451868023659,4.28773396005364
121,12,0,"3","7",0,1.62451868023659,4.28773396005364
122,12,0,"4","1",0,1.62451868023659,4.28773396005364
123,12,0,"5","2",1,1.55128503023387,4.59454386097473
124,12,0,"6","3",1,1.55128503023387,4.59454386097473
125,12,0,"7","4",0,1.62451868023659,4.28773396005364
126,12,0,"1","5",0,1.62451868023659,4.28773396005364
127,12,0,"2","6",0,1.62451868023659,4.28773396005364
128,12,0,"3","7",0,1.62451868023659,4.28773396005364
129,12,0,"4","1",0,1.62451868023659,4.28773396005364
130,12,1,"5","2",1,1.55128503023387,4.59454386097473
131,12,NA,"6","3",1,1.55128503023387,4.59454386097473
132,12,NA,"7","4",0,1.62451868023659,4.28773396005364
133,12,NA,"1","5",0,1.62451868023659,4.28773396005364
134,12,NA,"2","6",0,1.62451868023659,4.28773396005364
135,12,NA,"3","7",0,1.62451868023659,4.28773396005364
136,12,NA,"4","1",0,1.62451868023659,4.28773396005364
137,12,NA,"5","2",1,1.55128503023387,4.59454386097473
138,12,NA,"6","3",1,1.55128503023387,4.59454386097473
139,12,NA,"7","4",0,1.62451868023659,4.28773396005364
140,12,NA,"1","5",0,1.62451868023659,4.28773396005364
141,12,NA,"2","6",0,1.62451868023659,4.28773396005364
81,13,0,"5","3",1,1.55128503023387,4.59454386097473
82,13,0,"6","4",1,1.55128503023387,4.59454386097473
83,13,0,"7","5",0,1.62451868023659,4.28773396005364
84,13,0,"1","6",0,1.62451868023659,4.28773396005364
85,13,0,"2","7",0,1.62451868023659,4.28773396005364
86,13,0,"3","1",0,1.62451868023659,4.28773396005364
87,13,0,"4","2",0,1.62451868023659,4.28773396005364
88,13,0,"5","3",1,1.55128503023387,4.59454386097473
89,13,0,"6","4",1,1.55128503023387,4.59454386097473
90,13,0,"7","5",0,1.62451868023659,4.28773396005364
91,13,0,"1","6",0,1.62451868023659,4.28773396005364
92,13,0,"2","7",0,1.62451868023659,4.28773396005364
93,13,0,"3","1",0,1.62451868023659,4.28773396005364
94,13,0,"4","2",0,1.62451868023659,4.28773396005364
95,13,10,"5","3",1,1.55128503023387,4.59454386097473
96,13,1,"6","4",1,1.55128503023387,4.59454386097473
97,13,0,"7","5",0,1.62451868023659,4.28773396005364
98,13,0,"1","6",0,1.62451868023659,4.28773396005364
99,13,0,"2","7",0,1.62451868023659,4.28773396005364
100,13,0,"3","1",0,1.62451868023659,4.28773396005364
101,13,0,"4","2",0,1.62451868023659,4.28773396005364
102,13,1,"5","3",1,1.55128503023387,4.59454386097473
103,13,0,"6","4",1,1.55128503023387,4.59454386097473
104,13,0,"7","5",0,1.62451868023659,4.28773396005364
105,13,0,"1","6",0,1.62451868023659,4.28773396005364
106,13,0,"2","7",0,1.62451868023659,4.28773396005364
107,13,0,"3","1",0,1.62451868023659,4.28773396005364
108,13,0,"4","2",0,1.62451868023659,4.28773396005364
109,13,0,"5","3",1,1.55128503023387,4.59454386097473
110,13,0,"6","4",1,1.55128503023387,4.59454386097473
111,13,0,"7","5",0,1.62451868023659,4.28773396005364
112,13,0,"1","6",0,1.62451868023659,4.28773396005364
113,13,0,"2","7",0,1.62451868023659,4.28773396005364
114,13,0,"3","1",0,1.62451868023659,4.28773396005364
115,13,0,"4","2",0,1.62451868023659,4.28773396005364
116,13,0,"5","3",1,1.55128503023387,4.59454386097473
117,13,0,"6","4",1,1.55128503023387,4.59454386097473
118,13,0,"7","5",0,1.62451868023659,4.28773396005364
119,13,0,"1","6",0,1.62451868023659,4.28773396005364
120,13,0,"2","7",0,1.62451868023659,4.28773396005364
121,13,0,"3","1",0,1.62451868023659,4.28773396005364
122,13,0,"4","2",0,1.62451868023659,4.28773396005364
123,13,0,"5","3",1,1.55128503023387,4.59454386097473
124,13,0,"6","4",1,1.55128503023387,4.59454386097473
125,13,0,"7","5",0,1.62451868023659,4.28773396005364
126,13,0,"1","6",0,1.62451868023659,4.28773396005364
127,13,0,"2","7",0,1.62451868023659,4.28773396005364
128,13,0,"3","1",0,1.62451868023659,4.28773396005364
129,13,0,"4","2",0,1.62451868023659,4.28773396005364
130,13,NA,"5","3",1,1.55128503023387,4.59454386097473
131,13,NA,"6","4",1,1.55128503023387,4.59454386097473
132,13,NA,"7","5",0,1.62451868023659,4.28773396005364
133,13,NA,"1","6",0,1.62451868023659,4.28773396005364
134,13,NA,"2","7",0,1.62451868023659,4.28773396005364
135,13,NA,"3","1",0,1.62451868023659,4.28773396005364
136,13,NA,"4","2",0,1.62451868023659,4.28773396005364
137,13,NA,"5","3",1,1.55128503023387,4.59454386097473
138,13,NA,"6","4",1,1.55128503023387,4.59454386097473
139,13,NA,"7","5",0,1.62451868023659,4.28773396005364
140,13,NA,"1","6",0,1.62451868023659,4.28773396005364
141,13,NA,"2","7",0,1.62451868023659,4.28773396005364
81,14,0,"5","4",1,1.55128503023387,4.59454386097473
82,14,0,"6","5",1,1.55128503023387,4.59454386097473
83,14,0,"7","6",0,1.62451868023659,4.28773396005364
84,14,0,"1","7",0,1.62451868023659,4.28773396005364
85,14,0,"2","1",0,1.62451868023659,4.28773396005364
86,14,0,"3","2",0,1.62451868023659,4.28773396005364
87,14,0,"4","3",0,1.62451868023659,4.28773396005364
88,14,0,"5","4",1,1.55128503023387,4.59454386097473
89,14,0,"6","5",1,1.55128503023387,4.59454386097473
90,14,0,"7","6",0,1.62451868023659,4.28773396005364
91,14,0,"1","7",0,1.62451868023659,4.28773396005364
92,14,0,"2","1",0,1.62451868023659,4.28773396005364
93,14,0,"3","2",0,1.62451868023659,4.28773396005364
94,14,0,"4","3",0,1.62451868023659,4.28773396005364
95,14,0,"5","4",1,1.55128503023387,4.59454386097473
96,14,0,"6","5",1,1.55128503023387,4.59454386097473
97,14,0,"7","6",0,1.62451868023659,4.28773396005364
98,14,0,"1","7",0,1.62451868023659,4.28773396005364
99,14,0,"2","1",0,1.62451868023659,4.28773396005364
100,14,0,"3","2",0,1.62451868023659,4.28773396005364
101,14,0,"4","3",0,1.62451868023659,4.28773396005364
102,14,0,"5","4",1,1.55128503023387,4.59454386097473
103,14,0,"6","5",1,1.55128503023387,4.59454386097473
104,14,0,"7","6",0,1.62451868023659,4.28773396005364
105,14,0,"1","7",0,1.62451868023659,4.28773396005364
106,14,0,"2","1",0,1.62451868023659,4.28773396005364
107,14,0,"3","2",0,1.62451868023659,4.28773396005364
108,14,0,"4","3",0,1.62451868023659,4.28773396005364
109,14,1,"5","4",1,1.55128503023387,4.59454386097473
110,14,0,"6","5",1,1.55128503023387,4.59454386097473
111,14,0,"7","6",0,1.62451868023659,4.28773396005364
112,14,0,"1","7",0,1.62451868023659,4.28773396005364
113,14,0,"2","1",0,1.62451868023659,4.28773396005364
114,14,0,"3","2",0,1.62451868023659,4.28773396005364
115,14,0,"4","3",0,1.62451868023659,4.28773396005364
116,14,0,"5","4",1,1.55128503023387,4.59454386097473
117,14,0,"6","5",1,1.55128503023387,4.59454386097473
118,14,0,"7","6",0,1.62451868023659,4.28773396005364
119,14,0,"1","7",0,1.62451868023659,4.28773396005364
120,14,0,"2","1",0,1.62451868023659,4.28773396005364
121,14,0,"3","2",0,1.62451868023659,4.28773396005364
122,14,0,"4","3",0,1.62451868023659,4.28773396005364
123,14,1,"5","4",1,1.55128503023387,4.59454386097473
124,14,0,"6","5",1,1.55128503023387,4.59454386097473
125,14,0,"7","6",0,1.62451868023659,4.28773396005364
126,14,0,"1","7",0,1.62451868023659,4.28773396005364
127,14,0,"2","1",0,1.62451868023659,4.28773396005364
128,14,0,"3","2",0,1.62451868023659,4.28773396005364
129,14,NA,"4","3",0,1.62451868023659,4.28773396005364
130,14,NA,"5","4",1,1.55128503023387,4.59454386097473
131,14,NA,"6","5",1,1.55128503023387,4.59454386097473
132,14,NA,"7","6",0,1.62451868023659,4.28773396005364
133,14,NA,"1","7",0,1.62451868023659,4.28773396005364
134,14,NA,"2","1",0,1.62451868023659,4.28773396005364
135,14,NA,"3","2",0,1.62451868023659,4.28773396005364
136,14,NA,"4","3",0,1.62451868023659,4.28773396005364
137,14,NA,"5","4",1,1.55128503023387,4.59454386097473
138,14,NA,"6","5",1,1.55128503023387,4.59454386097473
139,14,NA,"7","6",0,1.62451868023659,4.28773396005364
140,14,NA,"1","7",0,1.62451868023659,4.28773396005364
141,14,NA,"2","1",0,1.62451868023659,4.28773396005364
81,15,0,"5","5",1,1.55128503023387,4.59454386097473
82,15,0,"6","6",1,1.55128503023387,4.59454386097473
83,15,0,"7","7",0,1.62451868023659,4.28773396005364
84,15,0,"1","1",0,1.62451868023659,4.28773396005364
85,15,0,"2","2",0,1.62451868023659,4.28773396005364
86,15,0,"3","3",0,1.62451868023659,4.28773396005364
87,15,0,"4","4",0,1.62451868023659,4.28773396005364
88,15,0,"5","5",1,1.55128503023387,4.59454386097473
89,15,0,"6","6",1,1.55128503023387,4.59454386097473
90,15,0,"7","7",0,1.62451868023659,4.28773396005364
91,15,0,"1","1",0,1.62451868023659,4.28773396005364
92,15,0,"2","2",0,1.62451868023659,4.28773396005364
93,15,2,"3","3",0,1.62451868023659,4.28773396005364
94,15,1,"4","4",0,1.62451868023659,4.28773396005364
95,15,0,"5","5",1,1.55128503023387,4.59454386097473
96,15,0,"6","6",1,1.55128503023387,4.59454386097473
97,15,0,"7","7",0,1.62451868023659,4.28773396005364
98,15,0,"1","1",0,1.62451868023659,4.28773396005364
99,15,0,"2","2",0,1.62451868023659,4.28773396005364
100,15,0,"3","3",0,1.62451868023659,4.28773396005364
101,15,0,"4","4",0,1.62451868023659,4.28773396005364
102,15,0,"5","5",1,1.55128503023387,4.59454386097473
103,15,0,"6","6",1,1.55128503023387,4.59454386097473
104,15,0,"7","7",0,1.62451868023659,4.28773396005364
105,15,0,"1","1",0,1.62451868023659,4.28773396005364
106,15,0,"2","2",0,1.62451868023659,4.28773396005364
107,15,0,"3","3",0,1.62451868023659,4.28773396005364
108,15,0,"4","4",0,1.62451868023659,4.28773396005364
109,15,0,"5","5",1,1.55128503023387,4.59454386097473
110,15,0,"6","6",1,1.55128503023387,4.59454386097473
111,15,0,"7","7",0,1.62451868023659,4.28773396005364
112,15,0,"1","1",0,1.62451868023659,4.28773396005364
113,15,0,"2","2",0,1.62451868023659,4.28773396005364
114,15,0,"3","3",0,1.62451868023659,4.28773396005364
115,15,0,"4","4",0,1.62451868023659,4.28773396005364
116,15,0,"5","5",1,1.55128503023387,4.59454386097473
117,15,0,"6","6",1,1.55128503023387,4.59454386097473
118,15,0,"7","7",0,1.62451868023659,4.28773396005364
119,15,0,"1","1",0,1.62451868023659,4.28773396005364
120,15,0,"2","2",0,1.62451868023659,4.28773396005364
121,15,0,"3","3",0,1.62451868023659,4.28773396005364
122,15,0,"4","4",0,1.62451868023659,4.28773396005364
123,15,0,"5","5",1,1.55128503023387,4.59454386097473
124,15,1,"6","6",1,1.55128503023387,4.59454386097473
125,15,0,"7","7",0,1.62451868023659,4.28773396005364
126,15,0,"1","1",0,1.62451868023659,4.28773396005364
127,15,0,"2","2",0,1.62451868023659,4.28773396005364
128,15,NA,"3","3",0,1.62451868023659,4.28773396005364
129,15,NA,"4","4",0,1.62451868023659,4.28773396005364
130,15,NA,"5","5",1,1.55128503023387,4.59454386097473
131,15,NA,"6","6",1,1.55128503023387,4.59454386097473
132,15,NA,"7","7",0,1.62451868023659,4.28773396005364
133,15,NA,"1","1",0,1.62451868023659,4.28773396005364
134,15,NA,"2","2",0,1.62451868023659,4.28773396005364
135,15,NA,"3","3",0,1.62451868023659,4.28773396005364
136,15,NA,"4","4",0,1.62451868023659,4.28773396005364
137,15,NA,"5","5",1,1.55128503023387,4.59454386097473
138,15,NA,"6","6",1,1.55128503023387,4.59454386097473
139,15,NA,"7","7",0,1.62451868023659,4.28773396005364
140,15,NA,"1","1",0,1.62451868023659,4.28773396005364
141,15,NA,"2","2",0,1.62451868023659,4.28773396005364
81,16,0,"5","6",1,1.55128503023387,4.59454386097473
82,16,0,"6","7",1,1.55128503023387,4.59454386097473
83,16,1,"7","1",0,1.62451868023659,4.28773396005364
84,16,0,"1","2",0,1.62451868023659,4.28773396005364
85,16,0,"2","3",0,1.62451868023659,4.28773396005364
86,16,0,"3","4",0,1.62451868023659,4.28773396005364
87,16,0,"4","5",0,1.62451868023659,4.28773396005364
88,16,0,"5","6",1,1.55128503023387,4.59454386097473
89,16,0,"6","7",1,1.55128503023387,4.59454386097473
90,16,0,"7","1",0,1.62451868023659,4.28773396005364
91,16,0,"1","2",0,1.62451868023659,4.28773396005364
92,16,1,"2","3",0,1.62451868023659,4.28773396005364
93,16,1,"3","4",0,1.62451868023659,4.28773396005364
94,16,1,"4","5",0,1.62451868023659,4.28773396005364
95,16,0,"5","6",1,1.55128503023387,4.59454386097473
96,16,0,"6","7",1,1.55128503023387,4.59454386097473
97,16,0,"7","1",0,1.62451868023659,4.28773396005364
98,16,0,"1","2",0,1.62451868023659,4.28773396005364
99,16,0,"2","3",0,1.62451868023659,4.28773396005364
100,16,0,"3","4",0,1.62451868023659,4.28773396005364
101,16,0,"4","5",0,1.62451868023659,4.28773396005364
102,16,0,"5","6",1,1.55128503023387,4.59454386097473
103,16,0,"6","7",1,1.55128503023387,4.59454386097473
104,16,0,"7","1",0,1.62451868023659,4.28773396005364
105,16,0,"1","2",0,1.62451868023659,4.28773396005364
106,16,0,"2","3",0,1.62451868023659,4.28773396005364
107,16,0,"3","4",0,1.62451868023659,4.28773396005364
108,16,0,"4","5",0,1.62451868023659,4.28773396005364
109,16,0,"5","6",1,1.55128503023387,4.59454386097473
110,16,0,"6","7",1,1.55128503023387,4.59454386097473
111,16,0,"7","1",0,1.62451868023659,4.28773396005364
112,16,0,"1","2",0,1.62451868023659,4.28773396005364
113,16,0,"2","3",0,1.62451868023659,4.28773396005364
114,16,0,"3","4",0,1.62451868023659,4.28773396005364
115,16,0,"4","5",0,1.62451868023659,4.28773396005364
116,16,0,"5","6",1,1.55128503023387,4.59454386097473
117,16,0,"6","7",1,1.55128503023387,4.59454386097473
118,16,0,"7","1",0,1.62451868023659,4.28773396005364
119,16,0,"1","2",0,1.62451868023659,4.28773396005364
120,16,2,"2","3",0,1.62451868023659,4.28773396005364
121,16,0,"3","4",0,1.62451868023659,4.28773396005364
122,16,0,"4","5",0,1.62451868023659,4.28773396005364
123,16,0,"5","6",1,1.55128503023387,4.59454386097473
124,16,0,"6","7",1,1.55128503023387,4.59454386097473
125,16,0,"7","1",0,1.62451868023659,4.28773396005364
126,16,0,"1","2",0,1.62451868023659,4.28773396005364
127,16,NA,"2","3",0,1.62451868023659,4.28773396005364
128,16,NA,"3","4",0,1.62451868023659,4.28773396005364
129,16,NA,"4","5",0,1.62451868023659,4.28773396005364
130,16,NA,"5","6",1,1.55128503023387,4.59454386097473
131,16,NA,"6","7",1,1.55128503023387,4.59454386097473
132,16,NA,"7","1",0,1.62451868023659,4.28773396005364
133,16,NA,"1","2",0,1.62451868023659,4.28773396005364
134,16,NA,"2","3",0,1.62451868023659,4.28773396005364
135,16,NA,"3","4",0,1.62451868023659,4.28773396005364
136,16,NA,"4","5",0,1.62451868023659,4.28773396005364
137,16,NA,"5","6",1,1.55128503023387,4.59454386097473
138,16,NA,"6","7",1,1.55128503023387,4.59454386097473
139,16,NA,"7","1",0,1.62451868023659,4.28773396005364
140,16,NA,"1","2",0,1.62451868023659,4.28773396005364
141,16,NA,"2","3",0,1.62451868023659,4.28773396005364
81,17,0,"5","7",1,1.55128503023387,4.59454386097473
82,17,0,"6","1",1,1.55128503023387,4.59454386097473
83,17,0,"7","2",0,1.62451868023659,4.28773396005364
84,17,0,"1","3",0,1.62451868023659,4.28773396005364
85,17,0,"2","4",0,1.62451868023659,4.28773396005364
86,17,0,"3","5",0,1.62451868023659,4.28773396005364
87,17,0,"4","6",0,1.62451868023659,4.28773396005364
88,17,0,"5","7",1,1.55128503023387,4.59454386097473
89,17,0,"6","1",1,1.55128503023387,4.59454386097473
90,17,0,"7","2",0,1.62451868023659,4.28773396005364
91,17,0.999999999999999,"1","3",0,1.62451868023659,4.28773396005364
92,17,1,"2","4",0,1.62451868023659,4.28773396005364
93,17,1,"3","5",0,1.62451868023659,4.28773396005364
94,17,0,"4","6",0,1.62451868023659,4.28773396005364
95,17,0,"5","7",1,1.55128503023387,4.59454386097473
96,17,0,"6","1",1,1.55128503023387,4.59454386097473
97,17,0,"7","2",0,1.62451868023659,4.28773396005364
98,17,0,"1","3",0,1.62451868023659,4.28773396005364
99,17,0,"2","4",0,1.62451868023659,4.28773396005364
100,17,0,"3","5",0,1.62451868023659,4.28773396005364
101,17,0,"4","6",0,1.62451868023659,4.28773396005364
102,17,0,"5","7",1,1.55128503023387,4.59454386097473
103,17,0,"6","1",1,1.55128503023387,4.59454386097473
104,17,0,"7","2",0,1.62451868023659,4.28773396005364
105,17,0,"1","3",0,1.62451868023659,4.28773396005364
106,17,0,"2","4",0,1.62451868023659,4.28773396005364
107,17,0,"3","5",0,1.62451868023659,4.28773396005364
108,17,0,"4","6",0,1.62451868023659,4.28773396005364
109,17,0,"5","7",1,1.55128503023387,4.59454386097473
110,17,0,"6","1",1,1.55128503023387,4.59454386097473
111,17,0,"7","2",0,1.62451868023659,4.28773396005364
112,17,0,"1","3",0,1.62451868023659,4.28773396005364
113,17,0,"2","4",0,1.62451868023659,4.28773396005364
114,17,0,"3","5",0,1.62451868023659,4.28773396005364
115,17,0,"4","6",0,1.62451868023659,4.28773396005364
116,17,0,"5","7",1,1.55128503023387,4.59454386097473
117,17,0,"6","1",1,1.55128503023387,4.59454386097473
118,17,0,"7","2",0,1.62451868023659,4.28773396005364
119,17,0,"1","3",0,1.62451868023659,4.28773396005364
120,17,0,"2","4",0,1.62451868023659,4.28773396005364
121,17,0,"3","5",0,1.62451868023659,4.28773396005364
122,17,0,"4","6",0,1.62451868023659,4.28773396005364
123,17,0,"5","7",1,1.55128503023387,4.59454386097473
124,17,0,"6","1",1,1.55128503023387,4.59454386097473
125,17,0,"7","2",0,1.62451868023659,4.28773396005364
126,17,NA,"1","3",0,1.62451868023659,4.28773396005364
127,17,NA,"2","4",0,1.62451868023659,4.28773396005364
128,17,NA,"3","5",0,1.62451868023659,4.28773396005364
129,17,NA,"4","6",0,1.62451868023659,4.28773396005364
130,17,NA,"5","7",1,1.55128503023387,4.59454386097473
131,17,NA,"6","1",1,1.55128503023387,4.59454386097473
132,17,NA,"7","2",0,1.62451868023659,4.28773396005364
133,17,NA,"1","3",0,1.62451868023659,4.28773396005364
134,17,NA,"2","4",0,1.62451868023659,4.28773396005364
135,17,NA,"3","5",0,1.62451868023659,4.28773396005364
136,17,NA,"4","6",0,1.62451868023659,4.28773396005364
137,17,NA,"5","7",1,1.55128503023387,4.59454386097473
138,17,NA,"6","1",1,1.55128503023387,4.59454386097473
139,17,NA,"7","2",0,1.62451868023659,4.28773396005364
140,17,NA,"1","3",0,1.62451868023659,4.28773396005364
141,17,NA,"2","4",0,1.62451868023659,4.28773396005364
81,18,0,"5","1",1,1.55128503023387,4.59454386097473
82,18,0,"6","2",1,1.55128503023387,4.59454386097473
83,18,0,"7","3",0,1.62451868023659,4.28773396005364
84,18,0,"1","4",0,1.62451868023659,4.28773396005364
85,18,0,"2","5",0,1.62451868023659,4.28773396005364
86,18,0,"3","6",0,1.62451868023659,4.28773396005364
87,18,0,"4","7",0,1.62451868023659,4.28773396005364
88,18,0,"5","1",1,1.55128503023387,4.59454386097473
89,18,0,"6","2",1,1.55128503023387,4.59454386097473
90,18,0,"7","3",0,1.62451868023659,4.28773396005364
91,18,0,"1","4",0,1.62451868023659,4.28773396005364
92,18,0,"2","5",0,1.62451868023659,4.28773396005364
93,18,0,"3","6",0,1.62451868023659,4.28773396005364
94,18,0,"4","7",0,1.62451868023659,4.28773396005364
95,18,0,"5","1",1,1.55128503023387,4.59454386097473
96,18,0,"6","2",1,1.55128503023387,4.59454386097473
97,18,0,"7","3",0,1.62451868023659,4.28773396005364
98,18,0,"1","4",0,1.62451868023659,4.28773396005364
99,18,0,"2","5",0,1.62451868023659,4.28773396005364
100,18,0,"3","6",0,1.62451868023659,4.28773396005364
101,18,0,"4","7",0,1.62451868023659,4.28773396005364
102,18,0,"5","1",1,1.55128503023387,4.59454386097473
103,18,0,"6","2",1,1.55128503023387,4.59454386097473
104,18,0,"7","3",0,1.62451868023659,4.28773396005364
105,18,0,"1","4",0,1.62451868023659,4.28773396005364
106,18,0,"2","5",0,1.62451868023659,4.28773396005364
107,18,0,"3","6",0,1.62451868023659,4.28773396005364
108,18,0,"4","7",0,1.62451868023659,4.28773396005364
109,18,0,"5","1",1,1.55128503023387,4.59454386097473
110,18,0,"6","2",1,1.55128503023387,4.59454386097473
111,18,0,"7","3",0,1.62451868023659,4.28773396005364
112,18,0,"1","4",0,1.62451868023659,4.28773396005364
113,18,0,"2","5",0,1.62451868023659,4.28773396005364
114,18,0,"3","6",0,1.62451868023659,4.28773396005364
115,18,0,"4","7",0,1.62451868023659,4.28773396005364
116,18,0,"5","1",1,1.55128503023387,4.59454386097473
117,18,0,"6","2",1,1.55128503023387,4.59454386097473
118,18,0,"7","3",0,1.62451868023659,4.28773396005364
119,18,0,"1","4",0,1.62451868023659,4.28773396005364
120,18,0,"2","5",0,1.62451868023659,4.28773396005364
121,18,0,"3","6",0,1.62451868023659,4.28773396005364
122,18,0,"4","7",0,1.62451868023659,4.28773396005364
123,18,0,"5","1",1,1.55128503023387,4.59454386097473
124,18,0,"6","2",1,1.55128503023387,4.59454386097473
125,18,NA,"7","3",0,1.62451868023659,4.28773396005364
126,18,NA,"1","4",0,1.62451868023659,4.28773396005364
127,18,NA,"2","5",0,1.62451868023659,4.28773396005364
128,18,NA,"3","6",0,1.62451868023659,4.28773396005364
129,18,NA,"4","7",0,1.62451868023659,4.28773396005364
130,18,NA,"5","1",1,1.55128503023387,4.59454386097473
131,18,NA,"6","2",1,1.55128503023387,4.59454386097473
132,18,NA,"7","3",0,1.62451868023659,4.28773396005364
133,18,NA,"1","4",0,1.62451868023659,4.28773396005364
134,18,NA,"2","5",0,1.62451868023659,4.28773396005364
135,18,NA,"3","6",0,1.62451868023659,4.28773396005364
136,18,NA,"4","7",0,1.62451868023659,4.28773396005364
137,18,NA,"5","1",1,1.55128503023387,4.59454386097473
138,18,NA,"6","2",1,1.55128503023387,4.59454386097473
139,18,NA,"7","3",0,1.62451868023659,4.28773396005364
140,18,NA,"1","4",0,1.62451868023659,4.28773396005364
141,18,NA,"2","5",0,1.62451868023659,4.28773396005364
81,19,0,"5","2",1,1.55128503023387,4.59454386097473
82,19,0,"6","3",1,1.55128503023387,4.59454386097473
83,19,0,"7","4",0,1.62451868023659,4.28773396005364
84,19,0,"1","5",0,1.62451868023659,4.28773396005364
85,19,0,"2","6",0,1.62451868023659,4.28773396005364
86,19,0,"3","7",0,1.62451868023659,4.28773396005364
87,19,0,"4","1",0,1.62451868023659,4.28773396005364
88,19,0,"5","2",1,1.55128503023387,4.59454386097473
89,19,1,"6","3",1,1.55128503023387,4.59454386097473
90,19,0,"7","4",0,1.62451868023659,4.28773396005364
91,19,0,"1","5",0,1.62451868023659,4.28773396005364
92,19,2,"2","6",0,1.62451868023659,4.28773396005364
93,19,0,"3","7",0,1.62451868023659,4.28773396005364
94,19,0,"4","1",0,1.62451868023659,4.28773396005364
95,19,0,"5","2",1,1.55128503023387,4.59454386097473
96,19,0,"6","3",1,1.55128503023387,4.59454386097473
97,19,0,"7","4",0,1.62451868023659,4.28773396005364
98,19,0,"1","5",0,1.62451868023659,4.28773396005364
99,19,0,"2","6",0,1.62451868023659,4.28773396005364
100,19,0,"3","7",0,1.62451868023659,4.28773396005364
101,19,0,"4","1",0,1.62451868023659,4.28773396005364
102,19,0,"5","2",1,1.55128503023387,4.59454386097473
103,19,0,"6","3",1,1.55128503023387,4.59454386097473
104,19,0,"7","4",0,1.62451868023659,4.28773396005364
105,19,3,"1","5",0,1.62451868023659,4.28773396005364
106,19,0,"2","6",0,1.62451868023659,4.28773396005364
107,19,0,"3","7",0,1.62451868023659,4.28773396005364
108,19,0,"4","1",0,1.62451868023659,4.28773396005364
109,19,0,"5","2",1,1.55128503023387,4.59454386097473
110,19,0,"6","3",1,1.55128503023387,4.59454386097473
111,19,0,"7","4",0,1.62451868023659,4.28773396005364
112,19,0,"1","5",0,1.62451868023659,4.28773396005364
113,19,0,"2","6",0,1.62451868023659,4.28773396005364
114,19,0,"3","7",0,1.62451868023659,4.28773396005364
115,19,0,"4","1",0,1.62451868023659,4.28773396005364
116,19,0,"5","2",1,1.55128503023387,4.59454386097473
117,19,0,"6","3",1,1.55128503023387,4.59454386097473
118,19,0,"7","4",0,1.62451868023659,4.28773396005364
119,19,0,"1","5",0,1.62451868023659,4.28773396005364
120,19,0,"2","6",0,1.62451868023659,4.28773396005364
121,19,0,"3","7",0,1.62451868023659,4.28773396005364
122,19,0,"4","1",0,1.62451868023659,4.28773396005364
123,19,0,"5","2",1,1.55128503023387,4.59454386097473
124,19,NA,"6","3",1,1.55128503023387,4.59454386097473
125,19,NA,"7","4",0,1.62451868023659,4.28773396005364
126,19,NA,"1","5",0,1.62451868023659,4.28773396005364
127,19,NA,"2","6",0,1.62451868023659,4.28773396005364
128,19,NA,"3","7",0,1.62451868023659,4.28773396005364
129,19,NA,"4","1",0,1.62451868023659,4.28773396005364
130,19,NA,"5","2",1,1.55128503023387,4.59454386097473
131,19,NA,"6","3",1,1.55128503023387,4.59454386097473
132,19,NA,"7","4",0,1.62451868023659,4.28773396005364
133,19,NA,"1","5",0,1.62451868023659,4.28773396005364
134,19,NA,"2","6",0,1.62451868023659,4.28773396005364
135,19,NA,"3","7",0,1.62451868023659,4.28773396005364
136,19,NA,"4","1",0,1.62451868023659,4.28773396005364
137,19,NA,"5","2",1,1.55128503023387,4.59454386097473
138,19,NA,"6","3",1,1.55128503023387,4.59454386097473
139,19,NA,"7","4",0,1.62451868023659,4.28773396005364
140,19,NA,"1","5",0,1.62451868023659,4.28773396005364
141,19,NA,"2","6",0,1.62451868023659,4.28773396005364
81,20,0,"5","3",1,1.55128503023387,4.59454386097473
82,20,0,"6","4",1,1.55128503023387,4.59454386097473
83,20,0,"7","5",0,1.62451868023659,4.28773396005364
84,20,0,"1","6",0,1.62451868023659,4.28773396005364
85,20,0,"2","7",0,1.62451868023659,4.28773396005364
86,20,0,"3","1",0,1.62451868023659,4.28773396005364
87,20,0,"4","2",0,1.62451868023659,4.28773396005364
88,20,1,"5","3",1,1.55128503023387,4.59454386097473
89,20,0,"6","4",1,1.55128503023387,4.59454386097473
90,20,0,"7","5",0,1.62451868023659,4.28773396005364
91,20,0,"1","6",0,1.62451868023659,4.28773396005364
92,20,0,"2","7",0,1.62451868023659,4.28773396005364
93,20,0,"3","1",0,1.62451868023659,4.28773396005364
94,20,0,"4","2",0,1.62451868023659,4.28773396005364
95,20,0,"5","3",1,1.55128503023387,4.59454386097473
96,20,0,"6","4",1,1.55128503023387,4.59454386097473
97,20,0,"7","5",0,1.62451868023659,4.28773396005364
98,20,0,"1","6",0,1.62451868023659,4.28773396005364
99,20,0,"2","7",0,1.62451868023659,4.28773396005364
100,20,0,"3","1",0,1.62451868023659,4.28773396005364
101,20,0,"4","2",0,1.62451868023659,4.28773396005364
102,20,0,"5","3",1,1.55128503023387,4.59454386097473
103,20,0,"6","4",1,1.55128503023387,4.59454386097473
104,20,0,"7","5",0,1.62451868023659,4.28773396005364
105,20,0,"1","6",0,1.62451868023659,4.28773396005364
106,20,0,"2","7",0,1.62451868023659,4.28773396005364
107,20,0,"3","1",0,1.62451868023659,4.28773396005364
108,20,0,"4","2",0,1.62451868023659,4.28773396005364
109,20,0,"5","3",1,1.55128503023387,4.59454386097473
110,20,0,"6","4",1,1.55128503023387,4.59454386097473
111,20,0,"7","5",0,1.62451868023659,4.28773396005364
112,20,0,"1","6",0,1.62451868023659,4.28773396005364
113,20,0,"2","7",0,1.62451868023659,4.28773396005364
114,20,0,"3","1",0,1.62451868023659,4.28773396005364
115,20,0,"4","2",0,1.62451868023659,4.28773396005364
116,20,0,"5","3",1,1.55128503023387,4.59454386097473
117,20,0,"6","4",1,1.55128503023387,4.59454386097473
118,20,0,"7","5",0,1.62451868023659,4.28773396005364
119,20,0,"1","6",0,1.62451868023659,4.28773396005364
120,20,0,"2","7",0,1.62451868023659,4.28773396005364
121,20,0,"3","1",0,1.62451868023659,4.28773396005364
122,20,0,"4","2",0,1.62451868023659,4.28773396005364
123,20,NA,"5","3",1,1.55128503023387,4.59454386097473
124,20,NA,"6","4",1,1.55128503023387,4.59454386097473
125,20,NA,"7","5",0,1.62451868023659,4.28773396005364
126,20,NA,"1","6",0,1.62451868023659,4.28773396005364
127,20,NA,"2","7",0,1.62451868023659,4.28773396005364
128,20,NA,"3","1",0,1.62451868023659,4.28773396005364
129,20,NA,"4","2",0,1.62451868023659,4.28773396005364
130,20,NA,"5","3",1,1.55128503023387,4.59454386097473
131,20,NA,"6","4",1,1.55128503023387,4.59454386097473
132,20,NA,"7","5",0,1.62451868023659,4.28773396005364
133,20,NA,"1","6",0,1.62451868023659,4.28773396005364
134,20,NA,"2","7",0,1.62451868023659,4.28773396005364
135,20,NA,"3","1",0,1.62451868023659,4.28773396005364
136,20,NA,"4","2",0,1.62451868023659,4.28773396005364
137,20,NA,"5","3",1,1.55128503023387,4.59454386097473
138,20,NA,"6","4",1,1.55128503023387,4.59454386097473
139,20,NA,"7","5",0,1.62451868023659,4.28773396005364
140,20,NA,"1","6",0,1.62451868023659,4.28773396005364
141,20,NA,"2","7",0,1.62451868023659,4.28773396005364
81,21,0,"5","4",1,1.55128503023387,4.59454386097473
82,21,0,"6","5",1,1.55128503023387,4.59454386097473
83,21,0,"7","6",0,1.62451868023659,4.28773396005364
84,21,0,"1","7",0,1.62451868023659,4.28773396005364
85,21,0,"2","1",0,1.62451868023659,4.28773396005364
86,21,0,"3","2",0,1.62451868023659,4.28773396005364
87,21,1,"4","3",0,1.62451868023659,4.28773396005364
88,21,0,"5","4",1,1.55128503023387,4.59454386097473
89,21,0,"6","5",1,1.55128503023387,4.59454386097473
90,21,0,"7","6",0,1.62451868023659,4.28773396005364
91,21,0,"1","7",0,1.62451868023659,4.28773396005364
92,21,0,"2","1",0,1.62451868023659,4.28773396005364
93,21,0,"3","2",0,1.62451868023659,4.28773396005364
94,21,0,"4","3",0,1.62451868023659,4.28773396005364
95,21,0,"5","4",1,1.55128503023387,4.59454386097473
96,21,0,"6","5",1,1.55128503023387,4.59454386097473
97,21,0,"7","6",0,1.62451868023659,4.28773396005364
98,21,0,"1","7",0,1.62451868023659,4.28773396005364
99,21,0,"2","1",0,1.62451868023659,4.28773396005364
100,21,0,"3","2",0,1.62451868023659,4.28773396005364
101,21,0,"4","3",0,1.62451868023659,4.28773396005364
102,21,0,"5","4",1,1.55128503023387,4.59454386097473
103,21,0,"6","5",1,1.55128503023387,4.59454386097473
104,21,0,"7","6",0,1.62451868023659,4.28773396005364
105,21,0,"1","7",0,1.62451868023659,4.28773396005364
106,21,0,"2","1",0,1.62451868023659,4.28773396005364
107,21,0,"3","2",0,1.62451868023659,4.28773396005364
108,21,0,"4","3",0,1.62451868023659,4.28773396005364
109,21,0,"5","4",1,1.55128503023387,4.59454386097473
110,21,0,"6","5",1,1.55128503023387,4.59454386097473
111,21,0,"7","6",0,1.62451868023659,4.28773396005364
112,21,0,"1","7",0,1.62451868023659,4.28773396005364
113,21,0,"2","1",0,1.62451868023659,4.28773396005364
114,21,0,"3","2",0,1.62451868023659,4.28773396005364
115,21,0,"4","3",0,1.62451868023659,4.28773396005364
116,21,0,"5","4",1,1.55128503023387,4.59454386097473
117,21,0,"6","5",1,1.55128503023387,4.59454386097473
118,21,0,"7","6",0,1.62451868023659,4.28773396005364
119,21,0,"1","7",0,1.62451868023659,4.28773396005364
120,21,0,"2","1",0,1.62451868023659,4.28773396005364
121,21,0,"3","2",0,1.62451868023659,4.28773396005364
122,21,NA,"4","3",0,1.62451868023659,4.28773396005364
123,21,NA,"5","4",1,1.55128503023387,4.59454386097473
124,21,NA,"6","5",1,1.55128503023387,4.59454386097473
125,21,NA,"7","6",0,1.62451868023659,4.28773396005364
126,21,NA,"1","7",0,1.62451868023659,4.28773396005364
127,21,NA,"2","1",0,1.62451868023659,4.28773396005364
128,21,NA,"3","2",0,1.62451868023659,4.28773396005364
129,21,NA,"4","3",0,1.62451868023659,4.28773396005364
130,21,NA,"5","4",1,1.55128503023387,4.59454386097473
131,21,NA,"6","5",1,1.55128503023387,4.59454386097473
132,21,NA,"7","6",0,1.62451868023659,4.28773396005364
133,21,NA,"1","7",0,1.62451868023659,4.28773396005364
134,21,NA,"2","1",0,1.62451868023659,4.28773396005364
135,21,NA,"3","2",0,1.62451868023659,4.28773396005364
136,21,NA,"4","3",0,1.62451868023659,4.28773396005364
137,21,NA,"5","4",1,1.55128503023387,4.59454386097473
138,21,NA,"6","5",1,1.55128503023387,4.59454386097473
139,21,NA,"7","6",0,1.62451868023659,4.28773396005364
140,21,NA,"1","7",0,1.62451868023659,4.28773396005364
141,21,NA,"2","1",0,1.62451868023659,4.28773396005364
81,22,0,"5","5",1,1.55128503023387,4.59454386097473
82,22,0,"6","6",1,1.55128503023387,4.59454386097473
83,22,0,"7","7",0,1.62451868023659,4.28773396005364
84,22,0,"1","1",0,1.62451868023659,4.28773396005364
85,22,0,"2","2",0,1.62451868023659,4.28773396005364
86,22,0,"3","3",0,1.62451868023659,4.28773396005364
87,22,0,"4","4",0,1.62451868023659,4.28773396005364
88,22,0,"5","5",1,1.55128503023387,4.59454386097473
89,22,0,"6","6",1,1.55128503023387,4.59454386097473
90,22,0,"7","7",0,1.62451868023659,4.28773396005364
91,22,0,"1","1",0,1.62451868023659,4.28773396005364
92,22,0,"2","2",0,1.62451868023659,4.28773396005364
93,22,0,"3","3",0,1.62451868023659,4.28773396005364
94,22,0,"4","4",0,1.62451868023659,4.28773396005364
95,22,0,"5","5",1,1.55128503023387,4.59454386097473
96,22,0,"6","6",1,1.55128503023387,4.59454386097473
97,22,0,"7","7",0,1.62451868023659,4.28773396005364
98,22,0,"1","1",0,1.62451868023659,4.28773396005364
99,22,0,"2","2",0,1.62451868023659,4.28773396005364
100,22,0,"3","3",0,1.62451868023659,4.28773396005364
101,22,0,"4","4",0,1.62451868023659,4.28773396005364
102,22,0,"5","5",1,1.55128503023387,4.59454386097473
103,22,0,"6","6",1,1.55128503023387,4.59454386097473
104,22,0,"7","7",0,1.62451868023659,4.28773396005364
105,22,0,"1","1",0,1.62451868023659,4.28773396005364
106,22,0,"2","2",0,1.62451868023659,4.28773396005364
107,22,0,"3","3",0,1.62451868023659,4.28773396005364
108,22,0,"4","4",0,1.62451868023659,4.28773396005364
109,22,0,"5","5",1,1.55128503023387,4.59454386097473
110,22,0,"6","6",1,1.55128503023387,4.59454386097473
111,22,0,"7","7",0,1.62451868023659,4.28773396005364
112,22,0,"1","1",0,1.62451868023659,4.28773396005364
113,22,0,"2","2",0,1.62451868023659,4.28773396005364
114,22,0,"3","3",0,1.62451868023659,4.28773396005364
115,22,0,"4","4",0,1.62451868023659,4.28773396005364
116,22,0,"5","5",1,1.55128503023387,4.59454386097473
117,22,0,"6","6",1,1.55128503023387,4.59454386097473
118,22,0,"7","7",0,1.62451868023659,4.28773396005364
119,22,0,"1","1",0,1.62451868023659,4.28773396005364
120,22,0,"2","2",0,1.62451868023659,4.28773396005364
121,22,NA,"3","3",0,1.62451868023659,4.28773396005364
122,22,NA,"4","4",0,1.62451868023659,4.28773396005364
123,22,NA,"5","5",1,1.55128503023387,4.59454386097473
124,22,NA,"6","6",1,1.55128503023387,4.59454386097473
125,22,NA,"7","7",0,1.62451868023659,4.28773396005364
126,22,NA,"1","1",0,1.62451868023659,4.28773396005364
127,22,NA,"2","2",0,1.62451868023659,4.28773396005364
128,22,NA,"3","3",0,1.62451868023659,4.28773396005364
129,22,NA,"4","4",0,1.62451868023659,4.28773396005364
130,22,NA,"5","5",1,1.55128503023387,4.59454386097473
131,22,NA,"6","6",1,1.55128503023387,4.59454386097473
132,22,NA,"7","7",0,1.62451868023659,4.28773396005364
133,22,NA,"1","1",0,1.62451868023659,4.28773396005364
134,22,NA,"2","2",0,1.62451868023659,4.28773396005364
135,22,NA,"3","3",0,1.62451868023659,4.28773396005364
136,22,NA,"4","4",0,1.62451868023659,4.28773396005364
137,22,NA,"5","5",1,1.55128503023387,4.59454386097473
138,22,NA,"6","6",1,1.55128503023387,4.59454386097473
139,22,NA,"7","7",0,1.62451868023659,4.28773396005364
140,22,NA,"1","1",0,1.62451868023659,4.28773396005364
141,22,NA,"2","2",0,1.62451868023659,4.28773396005364
81,23,0,"5","6",1,1.55128503023387,4.59454386097473
82,23,0,"6","7",1,1.55128503023387,4.59454386097473
83,23,0,"7","1",0,1.62451868023659,4.28773396005364
84,23,0,"1","2",0,1.62451868023659,4.28773396005364
85,23,0,"2","3",0,1.62451868023659,4.28773396005364
86,23,0,"3","4",0,1.62451868023659,4.28773396005364
87,23,0,"4","5",0,1.62451868023659,4.28773396005364
88,23,0,"5","6",1,1.55128503023387,4.59454386097473
89,23,0,"6","7",1,1.55128503023387,4.59454386097473
90,23,0,"7","1",0,1.62451868023659,4.28773396005364
91,23,0,"1","2",0,1.62451868023659,4.28773396005364
92,23,0,"2","3",0,1.62451868023659,4.28773396005364
93,23,0,"3","4",0,1.62451868023659,4.28773396005364
94,23,0,"4","5",0,1.62451868023659,4.28773396005364
95,23,0,"5","6",1,1.55128503023387,4.59454386097473
96,23,0,"6","7",1,1.55128503023387,4.59454386097473
97,23,0,"7","1",0,1.62451868023659,4.28773396005364
98,23,0,"1","2",0,1.62451868023659,4.28773396005364
99,23,0,"2","3",0,1.62451868023659,4.28773396005364
100,23,0,"3","4",0,1.62451868023659,4.28773396005364
101,23,0,"4","5",0,1.62451868023659,4.28773396005364
102,23,0,"5","6",1,1.55128503023387,4.59454386097473
103,23,0,"6","7",1,1.55128503023387,4.59454386097473
104,23,0,"7","1",0,1.62451868023659,4.28773396005364
105,23,0,"1","2",0,1.62451868023659,4.28773396005364
106,23,0,"2","3",0,1.62451868023659,4.28773396005364
107,23,0,"3","4",0,1.62451868023659,4.28773396005364
108,23,0,"4","5",0,1.62451868023659,4.28773396005364
109,23,0,"5","6",1,1.55128503023387,4.59454386097473
110,23,0,"6","7",1,1.55128503023387,4.59454386097473
111,23,0,"7","1",0,1.62451868023659,4.28773396005364
112,23,0,"1","2",0,1.62451868023659,4.28773396005364
113,23,0,"2","3",0,1.62451868023659,4.28773396005364
114,23,0,"3","4",0,1.62451868023659,4.28773396005364
115,23,0,"4","5",0,1.62451868023659,4.28773396005364
116,23,0,"5","6",1,1.55128503023387,4.59454386097473
117,23,0,"6","7",1,1.55128503023387,4.59454386097473
118,23,0,"7","1",0,1.62451868023659,4.28773396005364
119,23,0,"1","2",0,1.62451868023659,4.28773396005364
120,23,NA,"2","3",0,1.62451868023659,4.28773396005364
121,23,NA,"3","4",0,1.62451868023659,4.28773396005364
122,23,NA,"4","5",0,1.62451868023659,4.28773396005364
123,23,NA,"5","6",1,1.55128503023387,4.59454386097473
124,23,NA,"6","7",1,1.55128503023387,4.59454386097473
125,23,NA,"7","1",0,1.62451868023659,4.28773396005364
126,23,NA,"1","2",0,1.62451868023659,4.28773396005364
127,23,NA,"2","3",0,1.62451868023659,4.28773396005364
128,23,NA,"3","4",0,1.62451868023659,4.28773396005364
129,23,NA,"4","5",0,1.62451868023659,4.28773396005364
130,23,NA,"5","6",1,1.55128503023387,4.59454386097473
131,23,NA,"6","7",1,1.55128503023387,4.59454386097473
132,23,NA,"7","1",0,1.62451868023659,4.28773396005364
133,23,NA,"1","2",0,1.62451868023659,4.28773396005364
134,23,NA,"2","3",0,1.62451868023659,4.28773396005364
135,23,NA,"3","4",0,1.62451868023659,4.28773396005364
136,23,NA,"4","5",0,1.62451868023659,4.28773396005364
137,23,NA,"5","6",1,1.55128503023387,4.59454386097473
138,23,NA,"6","7",1,1.55128503023387,4.59454386097473
139,23,NA,"7","1",0,1.62451868023659,4.28773396005364
140,23,NA,"1","2",0,1.62451868023659,4.28773396005364
141,23,NA,"2","3",0,1.62451868023659,4.28773396005364
81,24,0,"5","7",1,1.55128503023387,4.59454386097473
82,24,0,"6","1",1,1.55128503023387,4.59454386097473
83,24,0,"7","2",0,1.62451868023659,4.28773396005364
84,24,0,"1","3",0,1.62451868023659,4.28773396005364
85,24,0,"2","4",0,1.62451868023659,4.28773396005364
86,24,0,"3","5",0,1.62451868023659,4.28773396005364
87,24,0,"4","6",0,1.62451868023659,4.28773396005364
88,24,0,"5","7",1,1.55128503023387,4.59454386097473
89,24,0,"6","1",1,1.55128503023387,4.59454386097473
90,24,0,"7","2",0,1.62451868023659,4.28773396005364
91,24,0,"1","3",0,1.62451868023659,4.28773396005364
92,24,0,"2","4",0,1.62451868023659,4.28773396005364
93,24,0,"3","5",0,1.62451868023659,4.28773396005364
94,24,0,"4","6",0,1.62451868023659,4.28773396005364
95,24,0,"5","7",1,1.55128503023387,4.59454386097473
96,24,0,"6","1",1,1.55128503023387,4.59454386097473
97,24,0,"7","2",0,1.62451868023659,4.28773396005364
98,24,0,"1","3",0,1.62451868023659,4.28773396005364
99,24,0,"2","4",0,1.62451868023659,4.28773396005364
100,24,0,"3","5",0,1.62451868023659,4.28773396005364
101,24,0,"4","6",0,1.62451868023659,4.28773396005364
102,24,1,"5","7",1,1.55128503023387,4.59454386097473
103,24,0,"6","1",1,1.55128503023387,4.59454386097473
104,24,0,"7","2",0,1.62451868023659,4.28773396005364
105,24,0,"1","3",0,1.62451868023659,4.28773396005364
106,24,0,"2","4",0,1.62451868023659,4.28773396005364
107,24,0,"3","5",0,1.62451868023659,4.28773396005364
108,24,0,"4","6",0,1.62451868023659,4.28773396005364
109,24,0,"5","7",1,1.55128503023387,4.59454386097473
110,24,0,"6","1",1,1.55128503023387,4.59454386097473
111,24,0,"7","2",0,1.62451868023659,4.28773396005364
112,24,0,"1","3",0,1.62451868023659,4.28773396005364
113,24,0,"2","4",0,1.62451868023659,4.28773396005364
114,24,0,"3","5",0,1.62451868023659,4.28773396005364
115,24,0,"4","6",0,1.62451868023659,4.28773396005364
116,24,0,"5","7",1,1.55128503023387,4.59454386097473
117,24,0,"6","1",1,1.55128503023387,4.59454386097473
118,24,0,"7","2",0,1.62451868023659,4.28773396005364
119,24,NA,"1","3",0,1.62451868023659,4.28773396005364
120,24,NA,"2","4",0,1.62451868023659,4.28773396005364
121,24,NA,"3","5",0,1.62451868023659,4.28773396005364
122,24,NA,"4","6",0,1.62451868023659,4.28773396005364
123,24,NA,"5","7",1,1.55128503023387,4.59454386097473
124,24,NA,"6","1",1,1.55128503023387,4.59454386097473
125,24,NA,"7","2",0,1.62451868023659,4.28773396005364
126,24,NA,"1","3",0,1.62451868023659,4.28773396005364
127,24,NA,"2","4",0,1.62451868023659,4.28773396005364
128,24,NA,"3","5",0,1.62451868023659,4.28773396005364
129,24,NA,"4","6",0,1.62451868023659,4.28773396005364
130,24,NA,"5","7",1,1.55128503023387,4.59454386097473
131,24,NA,"6","1",1,1.55128503023387,4.59454386097473
132,24,NA,"7","2",0,1.62451868023659,4.28773396005364
133,24,NA,"1","3",0,1.62451868023659,4.28773396005364
134,24,NA,"2","4",0,1.62451868023659,4.28773396005364
135,24,NA,"3","5",0,1.62451868023659,4.28773396005364
136,24,NA,"4","6",0,1.62451868023659,4.28773396005364
137,24,NA,"5","7",1,1.55128503023387,4.59454386097473
138,24,NA,"6","1",1,1.55128503023387,4.59454386097473
139,24,NA,"7","2",0,1.62451868023659,4.28773396005364
140,24,NA,"1","3",0,1.62451868023659,4.28773396005364
141,24,NA,"2","4",0,1.62451868023659,4.28773396005364
81,25,0,"5","1",1,1.55128503023387,4.59454386097473
82,25,0,"6","2",1,1.55128503023387,4.59454386097473
83,25,0,"7","3",0,1.62451868023659,4.28773396005364
84,25,0,"1","4",0,1.62451868023659,4.28773396005364
85,25,0,"2","5",0,1.62451868023659,4.28773396005364
86,25,0,"3","6",0,1.62451868023659,4.28773396005364
87,25,0,"4","7",0,1.62451868023659,4.28773396005364
88,25,0,"5","1",1,1.55128503023387,4.59454386097473
89,25,0,"6","2",1,1.55128503023387,4.59454386097473
90,25,0,"7","3",0,1.62451868023659,4.28773396005364
91,25,0,"1","4",0,1.62451868023659,4.28773396005364
92,25,0,"2","5",0,1.62451868023659,4.28773396005364
93,25,0,"3","6",0,1.62451868023659,4.28773396005364
94,25,0,"4","7",0,1.62451868023659,4.28773396005364
95,25,0,"5","1",1,1.55128503023387,4.59454386097473
96,25,0,"6","2",1,1.55128503023387,4.59454386097473
97,25,0,"7","3",0,1.62451868023659,4.28773396005364
98,25,0,"1","4",0,1.62451868023659,4.28773396005364
99,25,0,"2","5",0,1.62451868023659,4.28773396005364
100,25,0,"3","6",0,1.62451868023659,4.28773396005364
101,25,0,"4","7",0,1.62451868023659,4.28773396005364
102,25,0,"5","1",1,1.55128503023387,4.59454386097473
103,25,0,"6","2",1,1.55128503023387,4.59454386097473
104,25,0,"7","3",0,1.62451868023659,4.28773396005364
105,25,0,"1","4",0,1.62451868023659,4.28773396005364
106,25,0,"2","5",0,1.62451868023659,4.28773396005364
107,25,0,"3","6",0,1.62451868023659,4.28773396005364
108,25,0,"4","7",0,1.62451868023659,4.28773396005364
109,25,0,"5","1",1,1.55128503023387,4.59454386097473
110,25,0,"6","2",1,1.55128503023387,4.59454386097473
111,25,0,"7","3",0,1.62451868023659,4.28773396005364
112,25,0,"1","4",0,1.62451868023659,4.28773396005364
113,25,0,"2","5",0,1.62451868023659,4.28773396005364
114,25,0,"3","6",0,1.62451868023659,4.28773396005364
115,25,0,"4","7",0,1.62451868023659,4.28773396005364
116,25,0,"5","1",1,1.55128503023387,4.59454386097473
117,25,0,"6","2",1,1.55128503023387,4.59454386097473
118,25,NA,"7","3",0,1.62451868023659,4.28773396005364
119,25,NA,"1","4",0,1.62451868023659,4.28773396005364
120,25,NA,"2","5",0,1.62451868023659,4.28773396005364
121,25,NA,"3","6",0,1.62451868023659,4.28773396005364
122,25,NA,"4","7",0,1.62451868023659,4.28773396005364
123,25,NA,"5","1",1,1.55128503023387,4.59454386097473
124,25,NA,"6","2",1,1.55128503023387,4.59454386097473
125,25,NA,"7","3",0,1.62451868023659,4.28773396005364
126,25,NA,"1","4",0,1.62451868023659,4.28773396005364
127,25,NA,"2","5",0,1.62451868023659,4.28773396005364
128,25,NA,"3","6",0,1.62451868023659,4.28773396005364
129,25,NA,"4","7",0,1.62451868023659,4.28773396005364
130,25,NA,"5","1",1,1.55128503023387,4.59454386097473
131,25,NA,"6","2",1,1.55128503023387,4.59454386097473
132,25,NA,"7","3",0,1.62451868023659,4.28773396005364
133,25,NA,"1","4",0,1.62451868023659,4.28773396005364
134,25,NA,"2","5",0,1.62451868023659,4.28773396005364
135,25,NA,"3","6",0,1.62451868023659,4.28773396005364
136,25,NA,"4","7",0,1.62451868023659,4.28773396005364
137,25,NA,"5","1",1,1.55128503023387,4.59454386097473
138,25,NA,"6","2",1,1.55128503023387,4.59454386097473
139,25,NA,"7","3",0,1.62451868023659,4.28773396005364
140,25,NA,"1","4",0,1.62451868023659,4.28773396005364
141,25,NA,"2","5",0,1.62451868023659,4.28773396005364
81,26,0,"5","2",1,1.55128503023387,4.59454386097473
82,26,1,"6","3",1,1.55128503023387,4.59454386097473
83,26,0,"7","4",0,1.62451868023659,4.28773396005364
84,26,0,"1","5",0,1.62451868023659,4.28773396005364
85,26,0,"2","6",0,1.62451868023659,4.28773396005364
86,26,0,"3","7",0,1.62451868023659,4.28773396005364
87,26,0,"4","1",0,1.62451868023659,4.28773396005364
88,26,0,"5","2",1,1.55128503023387,4.59454386097473
89,26,0,"6","3",1,1.55128503023387,4.59454386097473
90,26,0,"7","4",0,1.62451868023659,4.28773396005364
91,26,0,"1","5",0,1.62451868023659,4.28773396005364
92,26,0,"2","6",0,1.62451868023659,4.28773396005364
93,26,0,"3","7",0,1.62451868023659,4.28773396005364
94,26,0,"4","1",0,1.62451868023659,4.28773396005364
95,26,0,"5","2",1,1.55128503023387,4.59454386097473
96,26,0,"6","3",1,1.55128503023387,4.59454386097473
97,26,0,"7","4",0,1.62451868023659,4.28773396005364
98,26,0,"1","5",0,1.62451868023659,4.28773396005364
99,26,0,"2","6",0,1.62451868023659,4.28773396005364
100,26,0,"3","7",0,1.62451868023659,4.28773396005364
101,26,0,"4","1",0,1.62451868023659,4.28773396005364
102,26,0,"5","2",1,1.55128503023387,4.59454386097473
103,26,0,"6","3",1,1.55128503023387,4.59454386097473
104,26,0,"7","4",0,1.62451868023659,4.28773396005364
105,26,0,"1","5",0,1.62451868023659,4.28773396005364
106,26,0,"2","6",0,1.62451868023659,4.28773396005364
107,26,0,"3","7",0,1.62451868023659,4.28773396005364
108,26,0,"4","1",0,1.62451868023659,4.28773396005364
109,26,0,"5","2",1,1.55128503023387,4.59454386097473
110,26,0,"6","3",1,1.55128503023387,4.59454386097473
111,26,0,"7","4",0,1.62451868023659,4.28773396005364
112,26,0,"1","5",0,1.62451868023659,4.28773396005364
113,26,0,"2","6",0,1.62451868023659,4.28773396005364
114,26,0,"3","7",0,1.62451868023659,4.28773396005364
115,26,0,"4","1",0,1.62451868023659,4.28773396005364
116,26,0,"5","2",1,1.55128503023387,4.59454386097473
117,26,NA,"6","3",1,1.55128503023387,4.59454386097473
118,26,NA,"7","4",0,1.62451868023659,4.28773396005364
119,26,NA,"1","5",0,1.62451868023659,4.28773396005364
120,26,NA,"2","6",0,1.62451868023659,4.28773396005364
121,26,NA,"3","7",0,1.62451868023659,4.28773396005364
122,26,NA,"4","1",0,1.62451868023659,4.28773396005364
123,26,NA,"5","2",1,1.55128503023387,4.59454386097473
124,26,NA,"6","3",1,1.55128503023387,4.59454386097473
125,26,NA,"7","4",0,1.62451868023659,4.28773396005364
126,26,NA,"1","5",0,1.62451868023659,4.28773396005364
127,26,NA,"2","6",0,1.62451868023659,4.28773396005364
128,26,NA,"3","7",0,1.62451868023659,4.28773396005364
129,26,NA,"4","1",0,1.62451868023659,4.28773396005364
130,26,NA,"5","2",1,1.55128503023387,4.59454386097473
131,26,NA,"6","3",1,1.55128503023387,4.59454386097473
132,26,NA,"7","4",0,1.62451868023659,4.28773396005364
133,26,NA,"1","5",0,1.62451868023659,4.28773396005364
134,26,NA,"2","6",0,1.62451868023659,4.28773396005364
135,26,NA,"3","7",0,1.62451868023659,4.28773396005364
136,26,NA,"4","1",0,1.62451868023659,4.28773396005364
137,26,NA,"5","2",1,1.55128503023387,4.59454386097473
138,26,NA,"6","3",1,1.55128503023387,4.59454386097473
139,26,NA,"7","4",0,1.62451868023659,4.28773396005364
140,26,NA,"1","5",0,1.62451868023659,4.28773396005364
141,26,NA,"2","6",0,1.62451868023659,4.28773396005364
81,27,0,"5","3",1,1.55128503023387,4.59454386097473
82,27,0,"6","4",1,1.55128503023387,4.59454386097473
83,27,0,"7","5",0,1.62451868023659,4.28773396005364
84,27,0,"1","6",0,1.62451868023659,4.28773396005364
85,27,0,"2","7",0,1.62451868023659,4.28773396005364
86,27,0,"3","1",0,1.62451868023659,4.28773396005364
87,27,0,"4","2",0,1.62451868023659,4.28773396005364
88,27,0,"5","3",1,1.55128503023387,4.59454386097473
89,27,0,"6","4",1,1.55128503023387,4.59454386097473
90,27,0,"7","5",0,1.62451868023659,4.28773396005364
91,27,0,"1","6",0,1.62451868023659,4.28773396005364
92,27,0,"2","7",0,1.62451868023659,4.28773396005364
93,27,0,"3","1",0,1.62451868023659,4.28773396005364
94,27,0,"4","2",0,1.62451868023659,4.28773396005364
95,27,0,"5","3",1,1.55128503023387,4.59454386097473
96,27,0,"6","4",1,1.55128503023387,4.59454386097473
97,27,0,"7","5",0,1.62451868023659,4.28773396005364
98,27,0,"1","6",0,1.62451868023659,4.28773396005364
99,27,0,"2","7",0,1.62451868023659,4.28773396005364
100,27,0,"3","1",0,1.62451868023659,4.28773396005364
101,27,0,"4","2",0,1.62451868023659,4.28773396005364
102,27,0,"5","3",1,1.55128503023387,4.59454386097473
103,27,0,"6","4",1,1.55128503023387,4.59454386097473
104,27,0,"7","5",0,1.62451868023659,4.28773396005364
105,27,0,"1","6",0,1.62451868023659,4.28773396005364
106,27,0,"2","7",0,1.62451868023659,4.28773396005364
107,27,0,"3","1",0,1.62451868023659,4.28773396005364
108,27,0,"4","2",0,1.62451868023659,4.28773396005364
109,27,0,"5","3",1,1.55128503023387,4.59454386097473
110,27,0,"6","4",1,1.55128503023387,4.59454386097473
111,27,0,"7","5",0,1.62451868023659,4.28773396005364
112,27,0,"1","6",0,1.62451868023659,4.28773396005364
113,27,0,"2","7",0,1.62451868023659,4.28773396005364
114,27,0,"3","1",0,1.62451868023659,4.28773396005364
115,27,0,"4","2",0,1.62451868023659,4.28773396005364
116,27,NA,"5","3",1,1.55128503023387,4.59454386097473
117,27,NA,"6","4",1,1.55128503023387,4.59454386097473
118,27,NA,"7","5",0,1.62451868023659,4.28773396005364
119,27,NA,"1","6",0,1.62451868023659,4.28773396005364
120,27,NA,"2","7",0,1.62451868023659,4.28773396005364
121,27,NA,"3","1",0,1.62451868023659,4.28773396005364
122,27,NA,"4","2",0,1.62451868023659,4.28773396005364
123,27,NA,"5","3",1,1.55128503023387,4.59454386097473
124,27,NA,"6","4",1,1.55128503023387,4.59454386097473
125,27,NA,"7","5",0,1.62451868023659,4.28773396005364
126,27,NA,"1","6",0,1.62451868023659,4.28773396005364
127,27,NA,"2","7",0,1.62451868023659,4.28773396005364
128,27,NA,"3","1",0,1.62451868023659,4.28773396005364
129,27,NA,"4","2",0,1.62451868023659,4.28773396005364
130,27,NA,"5","3",1,1.55128503023387,4.59454386097473
131,27,NA,"6","4",1,1.55128503023387,4.59454386097473
132,27,NA,"7","5",0,1.62451868023659,4.28773396005364
133,27,NA,"1","6",0,1.62451868023659,4.28773396005364
134,27,NA,"2","7",0,1.62451868023659,4.28773396005364
135,27,NA,"3","1",0,1.62451868023659,4.28773396005364
136,27,NA,"4","2",0,1.62451868023659,4.28773396005364
137,27,NA,"5","3",1,1.55128503023387,4.59454386097473
138,27,NA,"6","4",1,1.55128503023387,4.59454386097473
139,27,NA,"7","5",0,1.62451868023659,4.28773396005364
140,27,NA,"1","6",0,1.62451868023659,4.28773396005364
141,27,NA,"2","7",0,1.62451868023659,4.28773396005364
81,28,0,"5","4",1,1.55128503023387,4.59454386097473
82,28,0,"6","5",1,1.55128503023387,4.59454386097473
83,28,0,"7","6",0,1.62451868023659,4.28773396005364
84,28,0,"1","7",0,1.62451868023659,4.28773396005364
85,28,0,"2","1",0,1.62451868023659,4.28773396005364
86,28,0,"3","2",0,1.62451868023659,4.28773396005364
87,28,0,"4","3",0,1.62451868023659,4.28773396005364
88,28,0,"5","4",1,1.55128503023387,4.59454386097473
89,28,0,"6","5",1,1.55128503023387,4.59454386097473
90,28,0,"7","6",0,1.62451868023659,4.28773396005364
91,28,0,"1","7",0,1.62451868023659,4.28773396005364
92,28,0,"2","1",0,1.62451868023659,4.28773396005364
93,28,0,"3","2",0,1.62451868023659,4.28773396005364
94,28,0,"4","3",0,1.62451868023659,4.28773396005364
95,28,0,"5","4",1,1.55128503023387,4.59454386097473
96,28,0,"6","5",1,1.55128503023387,4.59454386097473
97,28,0,"7","6",0,1.62451868023659,4.28773396005364
98,28,0,"1","7",0,1.62451868023659,4.28773396005364
99,28,0,"2","1",0,1.62451868023659,4.28773396005364
100,28,0,"3","2",0,1.62451868023659,4.28773396005364
101,28,0,"4","3",0,1.62451868023659,4.28773396005364
102,28,0,"5","4",1,1.55128503023387,4.59454386097473
103,28,0,"6","5",1,1.55128503023387,4.59454386097473
104,28,0,"7","6",0,1.62451868023659,4.28773396005364
105,28,0,"1","7",0,1.62451868023659,4.28773396005364
106,28,0,"2","1",0,1.62451868023659,4.28773396005364
107,28,0,"3","2",0,1.62451868023659,4.28773396005364
108,28,0,"4","3",0,1.62451868023659,4.28773396005364
109,28,0,"5","4",1,1.55128503023387,4.59454386097473
110,28,0,"6","5",1,1.55128503023387,4.59454386097473
111,28,0,"7","6",0,1.62451868023659,4.28773396005364
112,28,0,"1","7",0,1.62451868023659,4.28773396005364
113,28,0,"2","1",0,1.62451868023659,4.28773396005364
114,28,0,"3","2",0,1.62451868023659,4.28773396005364
115,28,NA,"4","3",0,1.62451868023659,4.28773396005364
116,28,NA,"5","4",1,1.55128503023387,4.59454386097473
117,28,NA,"6","5",1,1.55128503023387,4.59454386097473
118,28,NA,"7","6",0,1.62451868023659,4.28773396005364
119,28,NA,"1","7",0,1.62451868023659,4.28773396005364
120,28,NA,"2","1",0,1.62451868023659,4.28773396005364
121,28,NA,"3","2",0,1.62451868023659,4.28773396005364
122,28,NA,"4","3",0,1.62451868023659,4.28773396005364
123,28,NA,"5","4",1,1.55128503023387,4.59454386097473
124,28,NA,"6","5",1,1.55128503023387,4.59454386097473
125,28,NA,"7","6",0,1.62451868023659,4.28773396005364
126,28,NA,"1","7",0,1.62451868023659,4.28773396005364
127,28,NA,"2","1",0,1.62451868023659,4.28773396005364
128,28,NA,"3","2",0,1.62451868023659,4.28773396005364
129,28,NA,"4","3",0,1.62451868023659,4.28773396005364
130,28,NA,"5","4",1,1.55128503023387,4.59454386097473
131,28,NA,"6","5",1,1.55128503023387,4.59454386097473
132,28,NA,"7","6",0,1.62451868023659,4.28773396005364
133,28,NA,"1","7",0,1.62451868023659,4.28773396005364
134,28,NA,"2","1",0,1.62451868023659,4.28773396005364
135,28,NA,"3","2",0,1.62451868023659,4.28773396005364
136,28,NA,"4","3",0,1.62451868023659,4.28773396005364
137,28,NA,"5","4",1,1.55128503023387,4.59454386097473
138,28,NA,"6","5",1,1.55128503023387,4.59454386097473
139,28,NA,"7","6",0,1.62451868023659,4.28773396005364
140,28,NA,"1","7",0,1.62451868023659,4.28773396005364
141,28,NA,"2","1",0,1.62451868023659,4.28773396005364
81,29,0,"5","5",1,1.55128503023387,4.59454386097473
82,29,0,"6","6",1,1.55128503023387,4.59454386097473
83,29,0,"7","7",0,1.62451868023659,4.28773396005364
84,29,0,"1","1",0,1.62451868023659,4.28773396005364
85,29,0,"2","2",0,1.62451868023659,4.28773396005364
86,29,0,"3","3",0,1.62451868023659,4.28773396005364
87,29,0,"4","4",0,1.62451868023659,4.28773396005364
88,29,0,"5","5",1,1.55128503023387,4.59454386097473
89,29,0,"6","6",1,1.55128503023387,4.59454386097473
90,29,0,"7","7",0,1.62451868023659,4.28773396005364
91,29,0,"1","1",0,1.62451868023659,4.28773396005364
92,29,0,"2","2",0,1.62451868023659,4.28773396005364
93,29,0,"3","3",0,1.62451868023659,4.28773396005364
94,29,0,"4","4",0,1.62451868023659,4.28773396005364
95,29,0,"5","5",1,1.55128503023387,4.59454386097473
96,29,0,"6","6",1,1.55128503023387,4.59454386097473
97,29,0,"7","7",0,1.62451868023659,4.28773396005364
98,29,0,"1","1",0,1.62451868023659,4.28773396005364
99,29,0,"2","2",0,1.62451868023659,4.28773396005364
100,29,0,"3","3",0,1.62451868023659,4.28773396005364
101,29,0,"4","4",0,1.62451868023659,4.28773396005364
102,29,0,"5","5",1,1.55128503023387,4.59454386097473
103,29,0,"6","6",1,1.55128503023387,4.59454386097473
104,29,0,"7","7",0,1.62451868023659,4.28773396005364
105,29,0,"1","1",0,1.62451868023659,4.28773396005364
106,29,0,"2","2",0,1.62451868023659,4.28773396005364
107,29,0,"3","3",0,1.62451868023659,4.28773396005364
108,29,0,"4","4",0,1.62451868023659,4.28773396005364
109,29,0,"5","5",1,1.55128503023387,4.59454386097473
110,29,0,"6","6",1,1.55128503023387,4.59454386097473
111,29,0,"7","7",0,1.62451868023659,4.28773396005364
112,29,0,"1","1",0,1.62451868023659,4.28773396005364
113,29,0,"2","2",0,1.62451868023659,4.28773396005364
114,29,NA,"3","3",0,1.62451868023659,4.28773396005364
115,29,NA,"4","4",0,1.62451868023659,4.28773396005364
116,29,NA,"5","5",1,1.55128503023387,4.59454386097473
117,29,NA,"6","6",1,1.55128503023387,4.59454386097473
118,29,NA,"7","7",0,1.62451868023659,4.28773396005364
119,29,NA,"1","1",0,1.62451868023659,4.28773396005364
120,29,NA,"2","2",0,1.62451868023659,4.28773396005364
121,29,NA,"3","3",0,1.62451868023659,4.28773396005364
122,29,NA,"4","4",0,1.62451868023659,4.28773396005364
123,29,NA,"5","5",1,1.55128503023387,4.59454386097473
124,29,NA,"6","6",1,1.55128503023387,4.59454386097473
125,29,NA,"7","7",0,1.62451868023659,4.28773396005364
126,29,NA,"1","1",0,1.62451868023659,4.28773396005364
127,29,NA,"2","2",0,1.62451868023659,4.28773396005364
128,29,NA,"3","3",0,1.62451868023659,4.28773396005364
129,29,NA,"4","4",0,1.62451868023659,4.28773396005364
130,29,NA,"5","5",1,1.55128503023387,4.59454386097473
131,29,NA,"6","6",1,1.55128503023387,4.59454386097473
132,29,NA,"7","7",0,1.62451868023659,4.28773396005364
133,29,NA,"1","1",0,1.62451868023659,4.28773396005364
134,29,NA,"2","2",0,1.62451868023659,4.28773396005364
135,29,NA,"3","3",0,1.62451868023659,4.28773396005364
136,29,NA,"4","4",0,1.62451868023659,4.28773396005364
137,29,NA,"5","5",1,1.55128503023387,4.59454386097473
138,29,NA,"6","6",1,1.55128503023387,4.59454386097473
139,29,NA,"7","7",0,1.62451868023659,4.28773396005364
140,29,NA,"1","1",0,1.62451868023659,4.28773396005364
141,29,NA,"2","2",0,1.62451868023659,4.28773396005364
81,30,0,"5","6",1,1.55128503023387,4.59454386097473
82,30,0,"6","7",1,1.55128503023387,4.59454386097473
83,30,0,"7","1",0,1.62451868023659,4.28773396005364
84,30,0,"1","2",0,1.62451868023659,4.28773396005364
85,30,0,"2","3",0,1.62451868023659,4.28773396005364
86,30,0,"3","4",0,1.62451868023659,4.28773396005364
87,30,0,"4","5",0,1.62451868023659,4.28773396005364
88,30,0,"5","6",1,1.55128503023387,4.59454386097473
89,30,0,"6","7",1,1.55128503023387,4.59454386097473
90,30,0,"7","1",0,1.62451868023659,4.28773396005364
91,30,0,"1","2",0,1.62451868023659,4.28773396005364
92,30,0,"2","3",0,1.62451868023659,4.28773396005364
93,30,0,"3","4",0,1.62451868023659,4.28773396005364
94,30,0,"4","5",0,1.62451868023659,4.28773396005364
95,30,0,"5","6",1,1.55128503023387,4.59454386097473
96,30,0,"6","7",1,1.55128503023387,4.59454386097473
97,30,0,"7","1",0,1.62451868023659,4.28773396005364
98,30,0,"1","2",0,1.62451868023659,4.28773396005364
99,30,0,"2","3",0,1.62451868023659,4.28773396005364
100,30,0,"3","4",0,1.62451868023659,4.28773396005364
101,30,0,"4","5",0,1.62451868023659,4.28773396005364
102,30,0,"5","6",1,1.55128503023387,4.59454386097473
103,30,0,"6","7",1,1.55128503023387,4.59454386097473
104,30,0,"7","1",0,1.62451868023659,4.28773396005364
105,30,0,"1","2",0,1.62451868023659,4.28773396005364
106,30,0,"2","3",0,1.62451868023659,4.28773396005364
107,30,0,"3","4",0,1.62451868023659,4.28773396005364
108,30,0,"4","5",0,1.62451868023659,4.28773396005364
109,30,0,"5","6",1,1.55128503023387,4.59454386097473
110,30,0,"6","7",1,1.55128503023387,4.59454386097473
111,30,0,"7","1",0,1.62451868023659,4.28773396005364
112,30,0,"1","2",0,1.62451868023659,4.28773396005364
113,30,NA,"2","3",0,1.62451868023659,4.28773396005364
114,30,NA,"3","4",0,1.62451868023659,4.28773396005364
115,30,NA,"4","5",0,1.62451868023659,4.28773396005364
116,30,NA,"5","6",1,1.55128503023387,4.59454386097473
117,30,NA,"6","7",1,1.55128503023387,4.59454386097473
118,30,NA,"7","1",0,1.62451868023659,4.28773396005364
119,30,NA,"1","2",0,1.62451868023659,4.28773396005364
120,30,NA,"2","3",0,1.62451868023659,4.28773396005364
121,30,NA,"3","4",0,1.62451868023659,4.28773396005364
122,30,NA,"4","5",0,1.62451868023659,4.28773396005364
123,30,NA,"5","6",1,1.55128503023387,4.59454386097473
124,30,NA,"6","7",1,1.55128503023387,4.59454386097473
125,30,NA,"7","1",0,1.62451868023659,4.28773396005364
126,30,NA,"1","2",0,1.62451868023659,4.28773396005364
127,30,NA,"2","3",0,1.62451868023659,4.28773396005364
128,30,NA,"3","4",0,1.62451868023659,4.28773396005364
129,30,NA,"4","5",0,1.62451868023659,4.28773396005364
130,30,NA,"5","6",1,1.55128503023387,4.59454386097473
131,30,NA,"6","7",1,1.55128503023387,4.59454386097473
132,30,NA,"7","1",0,1.62451868023659,4.28773396005364
133,30,NA,"1","2",0,1.62451868023659,4.28773396005364
134,30,NA,"2","3",0,1.62451868023659,4.28773396005364
135,30,NA,"3","4",0,1.62451868023659,4.28773396005364
136,30,NA,"4","5",0,1.62451868023659,4.28773396005364
137,30,NA,"5","6",1,1.55128503023387,4.59454386097473
138,30,NA,"6","7",1,1.55128503023387,4.59454386097473
139,30,NA,"7","1",0,1.62451868023659,4.28773396005364
140,30,NA,"1","2",0,1.62451868023659,4.28773396005364
141,30,NA,"2","3",0,1.62451868023659,4.28773396005364
81,31,0,"5","7",1,1.55128503023387,4.59454386097473
82,31,0,"6","1",1,1.55128503023387,4.59454386097473
83,31,0,"7","2",0,1.62451868023659,4.28773396005364
84,31,0,"1","3",0,1.62451868023659,4.28773396005364
85,31,0,"2","4",0,1.62451868023659,4.28773396005364
86,31,0,"3","5",0,1.62451868023659,4.28773396005364
87,31,0,"4","6",0,1.62451868023659,4.28773396005364
88,31,0,"5","7",1,1.55128503023387,4.59454386097473
89,31,0,"6","1",1,1.55128503023387,4.59454386097473
90,31,0,"7","2",0,1.62451868023659,4.28773396005364
91,31,0,"1","3",0,1.62451868023659,4.28773396005364
92,31,0,"2","4",0,1.62451868023659,4.28773396005364
93,31,0,"3","5",0,1.62451868023659,4.28773396005364
94,31,0,"4","6",0,1.62451868023659,4.28773396005364
95,31,0,"5","7",1,1.55128503023387,4.59454386097473
96,31,0,"6","1",1,1.55128503023387,4.59454386097473
97,31,0,"7","2",0,1.62451868023659,4.28773396005364
98,31,0,"1","3",0,1.62451868023659,4.28773396005364
99,31,0,"2","4",0,1.62451868023659,4.28773396005364
100,31,0,"3","5",0,1.62451868023659,4.28773396005364
101,31,0,"4","6",0,1.62451868023659,4.28773396005364
102,31,0,"5","7",1,1.55128503023387,4.59454386097473
103,31,0,"6","1",1,1.55128503023387,4.59454386097473
104,31,0,"7","2",0,1.62451868023659,4.28773396005364
105,31,0,"1","3",0,1.62451868023659,4.28773396005364
106,31,0,"2","4",0,1.62451868023659,4.28773396005364
107,31,0,"3","5",0,1.62451868023659,4.28773396005364
108,31,0,"4","6",0,1.62451868023659,4.28773396005364
109,31,0,"5","7",1,1.55128503023387,4.59454386097473
110,31,0,"6","1",1,1.55128503023387,4.59454386097473
111,31,0,"7","2",0,1.62451868023659,4.28773396005364
112,31,NA,"1","3",0,1.62451868023659,4.28773396005364
113,31,NA,"2","4",0,1.62451868023659,4.28773396005364
114,31,NA,"3","5",0,1.62451868023659,4.28773396005364
115,31,NA,"4","6",0,1.62451868023659,4.28773396005364
116,31,NA,"5","7",1,1.55128503023387,4.59454386097473
117,31,NA,"6","1",1,1.55128503023387,4.59454386097473
118,31,NA,"7","2",0,1.62451868023659,4.28773396005364
119,31,NA,"1","3",0,1.62451868023659,4.28773396005364
120,31,NA,"2","4",0,1.62451868023659,4.28773396005364
121,31,NA,"3","5",0,1.62451868023659,4.28773396005364
122,31,NA,"4","6",0,1.62451868023659,4.28773396005364
123,31,NA,"5","7",1,1.55128503023387,4.59454386097473
124,31,NA,"6","1",1,1.55128503023387,4.59454386097473
125,31,NA,"7","2",0,1.62451868023659,4.28773396005364
126,31,NA,"1","3",0,1.62451868023659,4.28773396005364
127,31,NA,"2","4",0,1.62451868023659,4.28773396005364
128,31,NA,"3","5",0,1.62451868023659,4.28773396005364
129,31,NA,"4","6",0,1.62451868023659,4.28773396005364
130,31,NA,"5","7",1,1.55128503023387,4.59454386097473
131,31,NA,"6","1",1,1.55128503023387,4.59454386097473
132,31,NA,"7","2",0,1.62451868023659,4.28773396005364
133,31,NA,"1","3",0,1.62451868023659,4.28773396005364
134,31,NA,"2","4",0,1.62451868023659,4.28773396005364
135,31,NA,"3","5",0,1.62451868023659,4.28773396005364
136,31,NA,"4","6",0,1.62451868023659,4.28773396005364
137,31,NA,"5","7",1,1.55128503023387,4.59454386097473
138,31,NA,"6","1",1,1.55128503023387,4.59454386097473
139,31,NA,"7","2",0,1.62451868023659,4.28773396005364
140,31,NA,"1","3",0,1.62451868023659,4.28773396005364
141,31,NA,"2","4",0,1.62451868023659,4.28773396005364
81,32,0,"5","1",1,1.55128503023387,4.59454386097473
82,32,0,"6","2",1,1.55128503023387,4.59454386097473
83,32,0,"7","3",0,1.62451868023659,4.28773396005364
84,32,0,"1","4",0,1.62451868023659,4.28773396005364
85,32,0,"2","5",0,1.62451868023659,4.28773396005364
86,32,0,"3","6",0,1.62451868023659,4.28773396005364
87,32,0,"4","7",0,1.62451868023659,4.28773396005364
88,32,0,"5","1",1,1.55128503023387,4.59454386097473
89,32,0,"6","2",1,1.55128503023387,4.59454386097473
90,32,0,"7","3",0,1.62451868023659,4.28773396005364
91,32,0,"1","4",0,1.62451868023659,4.28773396005364
92,32,0,"2","5",0,1.62451868023659,4.28773396005364
93,32,0,"3","6",0,1.62451868023659,4.28773396005364
94,32,0,"4","7",0,1.62451868023659,4.28773396005364
95,32,0,"5","1",1,1.55128503023387,4.59454386097473
96,32,0,"6","2",1,1.55128503023387,4.59454386097473
97,32,0,"7","3",0,1.62451868023659,4.28773396005364
98,32,0,"1","4",0,1.62451868023659,4.28773396005364
99,32,0,"2","5",0,1.62451868023659,4.28773396005364
100,32,0,"3","6",0,1.62451868023659,4.28773396005364
101,32,0,"4","7",0,1.62451868023659,4.28773396005364
102,32,0,"5","1",1,1.55128503023387,4.59454386097473
103,32,0,"6","2",1,1.55128503023387,4.59454386097473
104,32,0,"7","3",0,1.62451868023659,4.28773396005364
105,32,0,"1","4",0,1.62451868023659,4.28773396005364
106,32,0,"2","5",0,1.62451868023659,4.28773396005364
107,32,0,"3","6",0,1.62451868023659,4.28773396005364
108,32,0,"4","7",0,1.62451868023659,4.28773396005364
109,32,0,"5","1",1,1.55128503023387,4.59454386097473
110,32,0,"6","2",1,1.55128503023387,4.59454386097473
111,32,NA,"7","3",0,1.62451868023659,4.28773396005364
112,32,NA,"1","4",0,1.62451868023659,4.28773396005364
113,32,NA,"2","5",0,1.62451868023659,4.28773396005364
114,32,NA,"3","6",0,1.62451868023659,4.28773396005364
115,32,NA,"4","7",0,1.62451868023659,4.28773396005364
116,32,NA,"5","1",1,1.55128503023387,4.59454386097473
117,32,NA,"6","2",1,1.55128503023387,4.59454386097473
118,32,NA,"7","3",0,1.62451868023659,4.28773396005364
119,32,NA,"1","4",0,1.62451868023659,4.28773396005364
120,32,NA,"2","5",0,1.62451868023659,4.28773396005364
121,32,NA,"3","6",0,1.62451868023659,4.28773396005364
122,32,NA,"4","7",0,1.62451868023659,4.28773396005364
123,32,NA,"5","1",1,1.55128503023387,4.59454386097473
124,32,NA,"6","2",1,1.55128503023387,4.59454386097473
125,32,NA,"7","3",0,1.62451868023659,4.28773396005364
126,32,NA,"1","4",0,1.62451868023659,4.28773396005364
127,32,NA,"2","5",0,1.62451868023659,4.28773396005364
128,32,NA,"3","6",0,1.62451868023659,4.28773396005364
129,32,NA,"4","7",0,1.62451868023659,4.28773396005364
130,32,NA,"5","1",1,1.55128503023387,4.59454386097473
131,32,NA,"6","2",1,1.55128503023387,4.59454386097473
132,32,NA,"7","3",0,1.62451868023659,4.28773396005364
133,32,NA,"1","4",0,1.62451868023659,4.28773396005364
134,32,NA,"2","5",0,1.62451868023659,4.28773396005364
135,32,NA,"3","6",0,1.62451868023659,4.28773396005364
136,32,NA,"4","7",0,1.62451868023659,4.28773396005364
137,32,NA,"5","1",1,1.55128503023387,4.59454386097473
138,32,NA,"6","2",1,1.55128503023387,4.59454386097473
139,32,NA,"7","3",0,1.62451868023659,4.28773396005364
140,32,NA,"1","4",0,1.62451868023659,4.28773396005364
141,32,NA,"2","5",0,1.62451868023659,4.28773396005364
81,33,0,"5","2",1,1.55128503023387,4.59454386097473
82,33,0,"6","3",1,1.55128503023387,4.59454386097473
83,33,0,"7","4",0,1.62451868023659,4.28773396005364
84,33,0,"1","5",0,1.62451868023659,4.28773396005364
85,33,0,"2","6",0,1.62451868023659,4.28773396005364
86,33,0,"3","7",0,1.62451868023659,4.28773396005364
87,33,0,"4","1",0,1.62451868023659,4.28773396005364
88,33,0,"5","2",1,1.55128503023387,4.59454386097473
89,33,0,"6","3",1,1.55128503023387,4.59454386097473
90,33,0,"7","4",0,1.62451868023659,4.28773396005364
91,33,0,"1","5",0,1.62451868023659,4.28773396005364
92,33,0,"2","6",0,1.62451868023659,4.28773396005364
93,33,0,"3","7",0,1.62451868023659,4.28773396005364
94,33,0,"4","1",0,1.62451868023659,4.28773396005364
95,33,0,"5","2",1,1.55128503023387,4.59454386097473
96,33,0,"6","3",1,1.55128503023387,4.59454386097473
97,33,0,"7","4",0,1.62451868023659,4.28773396005364
98,33,0,"1","5",0,1.62451868023659,4.28773396005364
99,33,0,"2","6",0,1.62451868023659,4.28773396005364
100,33,0,"3","7",0,1.62451868023659,4.28773396005364
101,33,0,"4","1",0,1.62451868023659,4.28773396005364
102,33,0,"5","2",1,1.55128503023387,4.59454386097473
103,33,0,"6","3",1,1.55128503023387,4.59454386097473
104,33,0,"7","4",0,1.62451868023659,4.28773396005364
105,33,0,"1","5",0,1.62451868023659,4.28773396005364
106,33,0,"2","6",0,1.62451868023659,4.28773396005364
107,33,0,"3","7",0,1.62451868023659,4.28773396005364
108,33,0,"4","1",0,1.62451868023659,4.28773396005364
109,33,0,"5","2",1,1.55128503023387,4.59454386097473
110,33,NA,"6","3",1,1.55128503023387,4.59454386097473
111,33,NA,"7","4",0,1.62451868023659,4.28773396005364
112,33,NA,"1","5",0,1.62451868023659,4.28773396005364
113,33,NA,"2","6",0,1.62451868023659,4.28773396005364
114,33,NA,"3","7",0,1.62451868023659,4.28773396005364
115,33,NA,"4","1",0,1.62451868023659,4.28773396005364
116,33,NA,"5","2",1,1.55128503023387,4.59454386097473
117,33,NA,"6","3",1,1.55128503023387,4.59454386097473
118,33,NA,"7","4",0,1.62451868023659,4.28773396005364
119,33,NA,"1","5",0,1.62451868023659,4.28773396005364
120,33,NA,"2","6",0,1.62451868023659,4.28773396005364
121,33,NA,"3","7",0,1.62451868023659,4.28773396005364
122,33,NA,"4","1",0,1.62451868023659,4.28773396005364
123,33,NA,"5","2",1,1.55128503023387,4.59454386097473
124,33,NA,"6","3",1,1.55128503023387,4.59454386097473
125,33,NA,"7","4",0,1.62451868023659,4.28773396005364
126,33,NA,"1","5",0,1.62451868023659,4.28773396005364
127,33,NA,"2","6",0,1.62451868023659,4.28773396005364
128,33,NA,"3","7",0,1.62451868023659,4.28773396005364
129,33,NA,"4","1",0,1.62451868023659,4.28773396005364
130,33,NA,"5","2",1,1.55128503023387,4.59454386097473
131,33,NA,"6","3",1,1.55128503023387,4.59454386097473
132,33,NA,"7","4",0,1.62451868023659,4.28773396005364
133,33,NA,"1","5",0,1.62451868023659,4.28773396005364
134,33,NA,"2","6",0,1.62451868023659,4.28773396005364
135,33,NA,"3","7",0,1.62451868023659,4.28773396005364
136,33,NA,"4","1",0,1.62451868023659,4.28773396005364
137,33,NA,"5","2",1,1.55128503023387,4.59454386097473
138,33,NA,"6","3",1,1.55128503023387,4.59454386097473
139,33,NA,"7","4",0,1.62451868023659,4.28773396005364
140,33,NA,"1","5",0,1.62451868023659,4.28773396005364
141,33,NA,"2","6",0,1.62451868023659,4.28773396005364
81,34,0,"5","3",1,1.55128503023387,4.59454386097473
82,34,0,"6","4",1,1.55128503023387,4.59454386097473
83,34,0,"7","5",0,1.62451868023659,4.28773396005364
84,34,0,"1","6",0,1.62451868023659,4.28773396005364
85,34,0,"2","7",0,1.62451868023659,4.28773396005364
86,34,0,"3","1",0,1.62451868023659,4.28773396005364
87,34,0,"4","2",0,1.62451868023659,4.28773396005364
88,34,0,"5","3",1,1.55128503023387,4.59454386097473
89,34,0,"6","4",1,1.55128503023387,4.59454386097473
90,34,0,"7","5",0,1.62451868023659,4.28773396005364
91,34,0,"1","6",0,1.62451868023659,4.28773396005364
92,34,0,"2","7",0,1.62451868023659,4.28773396005364
93,34,0,"3","1",0,1.62451868023659,4.28773396005364
94,34,0,"4","2",0,1.62451868023659,4.28773396005364
95,34,0,"5","3",1,1.55128503023387,4.59454386097473
96,34,0,"6","4",1,1.55128503023387,4.59454386097473
97,34,0,"7","5",0,1.62451868023659,4.28773396005364
98,34,0,"1","6",0,1.62451868023659,4.28773396005364
99,34,0,"2","7",0,1.62451868023659,4.28773396005364
100,34,0,"3","1",0,1.62451868023659,4.28773396005364
101,34,0,"4","2",0,1.62451868023659,4.28773396005364
102,34,0,"5","3",1,1.55128503023387,4.59454386097473
103,34,0,"6","4",1,1.55128503023387,4.59454386097473
104,34,0,"7","5",0,1.62451868023659,4.28773396005364
105,34,0,"1","6",0,1.62451868023659,4.28773396005364
106,34,0,"2","7",0,1.62451868023659,4.28773396005364
107,34,0,"3","1",0,1.62451868023659,4.28773396005364
108,34,0,"4","2",0,1.62451868023659,4.28773396005364
109,34,NA,"5","3",1,1.55128503023387,4.59454386097473
110,34,NA,"6","4",1,1.55128503023387,4.59454386097473
111,34,NA,"7","5",0,1.62451868023659,4.28773396005364
112,34,NA,"1","6",0,1.62451868023659,4.28773396005364
113,34,NA,"2","7",0,1.62451868023659,4.28773396005364
114,34,NA,"3","1",0,1.62451868023659,4.28773396005364
115,34,NA,"4","2",0,1.62451868023659,4.28773396005364
116,34,NA,"5","3",1,1.55128503023387,4.59454386097473
117,34,NA,"6","4",1,1.55128503023387,4.59454386097473
118,34,NA,"7","5",0,1.62451868023659,4.28773396005364
119,34,NA,"1","6",0,1.62451868023659,4.28773396005364
120,34,NA,"2","7",0,1.62451868023659,4.28773396005364
121,34,NA,"3","1",0,1.62451868023659,4.28773396005364
122,34,NA,"4","2",0,1.62451868023659,4.28773396005364
123,34,NA,"5","3",1,1.55128503023387,4.59454386097473
124,34,NA,"6","4",1,1.55128503023387,4.59454386097473
125,34,NA,"7","5",0,1.62451868023659,4.28773396005364
126,34,NA,"1","6",0,1.62451868023659,4.28773396005364
127,34,NA,"2","7",0,1.62451868023659,4.28773396005364
128,34,NA,"3","1",0,1.62451868023659,4.28773396005364
129,34,NA,"4","2",0,1.62451868023659,4.28773396005364
130,34,NA,"5","3",1,1.55128503023387,4.59454386097473
131,34,NA,"6","4",1,1.55128503023387,4.59454386097473
132,34,NA,"7","5",0,1.62451868023659,4.28773396005364
133,34,NA,"1","6",0,1.62451868023659,4.28773396005364
134,34,NA,"2","7",0,1.62451868023659,4.28773396005364
135,34,NA,"3","1",0,1.62451868023659,4.28773396005364
136,34,NA,"4","2",0,1.62451868023659,4.28773396005364
137,34,NA,"5","3",1,1.55128503023387,4.59454386097473
138,34,NA,"6","4",1,1.55128503023387,4.59454386097473
139,34,NA,"7","5",0,1.62451868023659,4.28773396005364
140,34,NA,"1","6",0,1.62451868023659,4.28773396005364
141,34,NA,"2","7",0,1.62451868023659,4.28773396005364
81,35,0,"5","4",1,1.55128503023387,4.59454386097473
82,35,0,"6","5",1,1.55128503023387,4.59454386097473
83,35,0,"7","6",0,1.62451868023659,4.28773396005364
84,35,0,"1","7",0,1.62451868023659,4.28773396005364
85,35,0,"2","1",0,1.62451868023659,4.28773396005364
86,35,0,"3","2",0,1.62451868023659,4.28773396005364
87,35,0,"4","3",0,1.62451868023659,4.28773396005364
88,35,0,"5","4",1,1.55128503023387,4.59454386097473
89,35,0,"6","5",1,1.55128503023387,4.59454386097473
90,35,0,"7","6",0,1.62451868023659,4.28773396005364
91,35,0,"1","7",0,1.62451868023659,4.28773396005364
92,35,0,"2","1",0,1.62451868023659,4.28773396005364
93,35,0,"3","2",0,1.62451868023659,4.28773396005364
94,35,0,"4","3",0,1.62451868023659,4.28773396005364
95,35,0,"5","4",1,1.55128503023387,4.59454386097473
96,35,0,"6","5",1,1.55128503023387,4.59454386097473
97,35,0,"7","6",0,1.62451868023659,4.28773396005364
98,35,0,"1","7",0,1.62451868023659,4.28773396005364
99,35,0,"2","1",0,1.62451868023659,4.28773396005364
100,35,0,"3","2",0,1.62451868023659,4.28773396005364
101,35,0,"4","3",0,1.62451868023659,4.28773396005364
102,35,0,"5","4",1,1.55128503023387,4.59454386097473
103,35,0,"6","5",1,1.55128503023387,4.59454386097473
104,35,0,"7","6",0,1.62451868023659,4.28773396005364
105,35,0,"1","7",0,1.62451868023659,4.28773396005364
106,35,0,"2","1",0,1.62451868023659,4.28773396005364
107,35,0,"3","2",0,1.62451868023659,4.28773396005364
108,35,NA,"4","3",0,1.62451868023659,4.28773396005364
109,35,NA,"5","4",1,1.55128503023387,4.59454386097473
110,35,NA,"6","5",1,1.55128503023387,4.59454386097473
111,35,NA,"7","6",0,1.62451868023659,4.28773396005364
112,35,NA,"1","7",0,1.62451868023659,4.28773396005364
113,35,NA,"2","1",0,1.62451868023659,4.28773396005364
114,35,NA,"3","2",0,1.62451868023659,4.28773396005364
115,35,NA,"4","3",0,1.62451868023659,4.28773396005364
116,35,NA,"5","4",1,1.55128503023387,4.59454386097473
117,35,NA,"6","5",1,1.55128503023387,4.59454386097473
118,35,NA,"7","6",0,1.62451868023659,4.28773396005364
119,35,NA,"1","7",0,1.62451868023659,4.28773396005364
120,35,NA,"2","1",0,1.62451868023659,4.28773396005364
121,35,NA,"3","2",0,1.62451868023659,4.28773396005364
122,35,NA,"4","3",0,1.62451868023659,4.28773396005364
123,35,NA,"5","4",1,1.55128503023387,4.59454386097473
124,35,NA,"6","5",1,1.55128503023387,4.59454386097473
125,35,NA,"7","6",0,1.62451868023659,4.28773396005364
126,35,NA,"1","7",0,1.62451868023659,4.28773396005364
127,35,NA,"2","1",0,1.62451868023659,4.28773396005364
128,35,NA,"3","2",0,1.62451868023659,4.28773396005364
129,35,NA,"4","3",0,1.62451868023659,4.28773396005364
130,35,NA,"5","4",1,1.55128503023387,4.59454386097473
131,35,NA,"6","5",1,1.55128503023387,4.59454386097473
132,35,NA,"7","6",0,1.62451868023659,4.28773396005364
133,35,NA,"1","7",0,1.62451868023659,4.28773396005364
134,35,NA,"2","1",0,1.62451868023659,4.28773396005364
135,35,NA,"3","2",0,1.62451868023659,4.28773396005364
136,35,NA,"4","3",0,1.62451868023659,4.28773396005364
137,35,NA,"5","4",1,1.55128503023387,4.59454386097473
138,35,NA,"6","5",1,1.55128503023387,4.59454386097473
139,35,NA,"7","6",0,1.62451868023659,4.28773396005364
140,35,NA,"1","7",0,1.62451868023659,4.28773396005364
141,35,NA,"2","1",0,1.62451868023659,4.28773396005364
81,36,0,"5","5",1,1.55128503023387,4.59454386097473
82,36,0,"6","6",1,1.55128503023387,4.59454386097473
83,36,0,"7","7",0,1.62451868023659,4.28773396005364
84,36,0,"1","1",0,1.62451868023659,4.28773396005364
85,36,0,"2","2",0,1.62451868023659,4.28773396005364
86,36,0,"3","3",0,1.62451868023659,4.28773396005364
87,36,0,"4","4",0,1.62451868023659,4.28773396005364
88,36,0,"5","5",1,1.55128503023387,4.59454386097473
89,36,0,"6","6",1,1.55128503023387,4.59454386097473
90,36,0,"7","7",0,1.62451868023659,4.28773396005364
91,36,0,"1","1",0,1.62451868023659,4.28773396005364
92,36,0,"2","2",0,1.62451868023659,4.28773396005364
93,36,0,"3","3",0,1.62451868023659,4.28773396005364
94,36,0,"4","4",0,1.62451868023659,4.28773396005364
95,36,0,"5","5",1,1.55128503023387,4.59454386097473
96,36,0,"6","6",1,1.55128503023387,4.59454386097473
97,36,0,"7","7",0,1.62451868023659,4.28773396005364
98,36,0,"1","1",0,1.62451868023659,4.28773396005364
99,36,0,"2","2",0,1.62451868023659,4.28773396005364
100,36,0,"3","3",0,1.62451868023659,4.28773396005364
101,36,0,"4","4",0,1.62451868023659,4.28773396005364
102,36,0,"5","5",1,1.55128503023387,4.59454386097473
103,36,0,"6","6",1,1.55128503023387,4.59454386097473
104,36,0,"7","7",0,1.62451868023659,4.28773396005364
105,36,0,"1","1",0,1.62451868023659,4.28773396005364
106,36,0,"2","2",0,1.62451868023659,4.28773396005364
107,36,NA,"3","3",0,1.62451868023659,4.28773396005364
108,36,NA,"4","4",0,1.62451868023659,4.28773396005364
109,36,NA,"5","5",1,1.55128503023387,4.59454386097473
110,36,NA,"6","6",1,1.55128503023387,4.59454386097473
111,36,NA,"7","7",0,1.62451868023659,4.28773396005364
112,36,NA,"1","1",0,1.62451868023659,4.28773396005364
113,36,NA,"2","2",0,1.62451868023659,4.28773396005364
114,36,NA,"3","3",0,1.62451868023659,4.28773396005364
115,36,NA,"4","4",0,1.62451868023659,4.28773396005364
116,36,NA,"5","5",1,1.55128503023387,4.59454386097473
117,36,NA,"6","6",1,1.55128503023387,4.59454386097473
118,36,NA,"7","7",0,1.62451868023659,4.28773396005364
119,36,NA,"1","1",0,1.62451868023659,4.28773396005364
120,36,NA,"2","2",0,1.62451868023659,4.28773396005364
121,36,NA,"3","3",0,1.62451868023659,4.28773396005364
122,36,NA,"4","4",0,1.62451868023659,4.28773396005364
123,36,NA,"5","5",1,1.55128503023387,4.59454386097473
124,36,NA,"6","6",1,1.55128503023387,4.59454386097473
125,36,NA,"7","7",0,1.62451868023659,4.28773396005364
126,36,NA,"1","1",0,1.62451868023659,4.28773396005364
127,36,NA,"2","2",0,1.62451868023659,4.28773396005364
128,36,NA,"3","3",0,1.62451868023659,4.28773396005364
129,36,NA,"4","4",0,1.62451868023659,4.28773396005364
130,36,NA,"5","5",1,1.55128503023387,4.59454386097473
131,36,NA,"6","6",1,1.55128503023387,4.59454386097473
132,36,NA,"7","7",0,1.62451868023659,4.28773396005364
133,36,NA,"1","1",0,1.62451868023659,4.28773396005364
134,36,NA,"2","2",0,1.62451868023659,4.28773396005364
135,36,NA,"3","3",0,1.62451868023659,4.28773396005364
136,36,NA,"4","4",0,1.62451868023659,4.28773396005364
137,36,NA,"5","5",1,1.55128503023387,4.59454386097473
138,36,NA,"6","6",1,1.55128503023387,4.59454386097473
139,36,NA,"7","7",0,1.62451868023659,4.28773396005364
140,36,NA,"1","1",0,1.62451868023659,4.28773396005364
141,36,NA,"2","2",0,1.62451868023659,4.28773396005364
81,37,0,"5","6",1,1.55128503023387,4.59454386097473
82,37,0,"6","7",1,1.55128503023387,4.59454386097473
83,37,0,"7","1",0,1.62451868023659,4.28773396005364
84,37,0,"1","2",0,1.62451868023659,4.28773396005364
85,37,0,"2","3",0,1.62451868023659,4.28773396005364
86,37,0,"3","4",0,1.62451868023659,4.28773396005364
87,37,0,"4","5",0,1.62451868023659,4.28773396005364
88,37,0,"5","6",1,1.55128503023387,4.59454386097473
89,37,0,"6","7",1,1.55128503023387,4.59454386097473
90,37,0,"7","1",0,1.62451868023659,4.28773396005364
91,37,0,"1","2",0,1.62451868023659,4.28773396005364
92,37,0,"2","3",0,1.62451868023659,4.28773396005364
93,37,0,"3","4",0,1.62451868023659,4.28773396005364
94,37,0,"4","5",0,1.62451868023659,4.28773396005364
95,37,0,"5","6",1,1.55128503023387,4.59454386097473
96,37,0,"6","7",1,1.55128503023387,4.59454386097473
97,37,0,"7","1",0,1.62451868023659,4.28773396005364
98,37,0,"1","2",0,1.62451868023659,4.28773396005364
99,37,0,"2","3",0,1.62451868023659,4.28773396005364
100,37,0,"3","4",0,1.62451868023659,4.28773396005364
101,37,0,"4","5",0,1.62451868023659,4.28773396005364
102,37,0,"5","6",1,1.55128503023387,4.59454386097473
103,37,0,"6","7",1,1.55128503023387,4.59454386097473
104,37,0,"7","1",0,1.62451868023659,4.28773396005364
105,37,0,"1","2",0,1.62451868023659,4.28773396005364
106,37,NA,"2","3",0,1.62451868023659,4.28773396005364
107,37,NA,"3","4",0,1.62451868023659,4.28773396005364
108,37,NA,"4","5",0,1.62451868023659,4.28773396005364
109,37,NA,"5","6",1,1.55128503023387,4.59454386097473
110,37,NA,"6","7",1,1.55128503023387,4.59454386097473
111,37,NA,"7","1",0,1.62451868023659,4.28773396005364
112,37,NA,"1","2",0,1.62451868023659,4.28773396005364
113,37,NA,"2","3",0,1.62451868023659,4.28773396005364
114,37,NA,"3","4",0,1.62451868023659,4.28773396005364
115,37,NA,"4","5",0,1.62451868023659,4.28773396005364
116,37,NA,"5","6",1,1.55128503023387,4.59454386097473
117,37,NA,"6","7",1,1.55128503023387,4.59454386097473
118,37,NA,"7","1",0,1.62451868023659,4.28773396005364
119,37,NA,"1","2",0,1.62451868023659,4.28773396005364
120,37,NA,"2","3",0,1.62451868023659,4.28773396005364
121,37,NA,"3","4",0,1.62451868023659,4.28773396005364
122,37,NA,"4","5",0,1.62451868023659,4.28773396005364
123,37,NA,"5","6",1,1.55128503023387,4.59454386097473
124,37,NA,"6","7",1,1.55128503023387,4.59454386097473
125,37,NA,"7","1",0,1.62451868023659,4.28773396005364
126,37,NA,"1","2",0,1.62451868023659,4.28773396005364
127,37,NA,"2","3",0,1.62451868023659,4.28773396005364
128,37,NA,"3","4",0,1.62451868023659,4.28773396005364
129,37,NA,"4","5",0,1.62451868023659,4.28773396005364
130,37,NA,"5","6",1,1.55128503023387,4.59454386097473
131,37,NA,"6","7",1,1.55128503023387,4.59454386097473
132,37,NA,"7","1",0,1.62451868023659,4.28773396005364
133,37,NA,"1","2",0,1.62451868023659,4.28773396005364
134,37,NA,"2","3",0,1.62451868023659,4.28773396005364
135,37,NA,"3","4",0,1.62451868023659,4.28773396005364
136,37,NA,"4","5",0,1.62451868023659,4.28773396005364
137,37,NA,"5","6",1,1.55128503023387,4.59454386097473
138,37,NA,"6","7",1,1.55128503023387,4.59454386097473
139,37,NA,"7","1",0,1.62451868023659,4.28773396005364
140,37,NA,"1","2",0,1.62451868023659,4.28773396005364
141,37,NA,"2","3",0,1.62451868023659,4.28773396005364
81,38,0,"5","7",1,1.55128503023387,4.59454386097473
82,38,0,"6","1",1,1.55128503023387,4.59454386097473
83,38,0,"7","2",0,1.62451868023659,4.28773396005364
84,38,0,"1","3",0,1.62451868023659,4.28773396005364
85,38,0,"2","4",0,1.62451868023659,4.28773396005364
86,38,0,"3","5",0,1.62451868023659,4.28773396005364
87,38,0,"4","6",0,1.62451868023659,4.28773396005364
88,38,0,"5","7",1,1.55128503023387,4.59454386097473
89,38,0,"6","1",1,1.55128503023387,4.59454386097473
90,38,0,"7","2",0,1.62451868023659,4.28773396005364
91,38,0,"1","3",0,1.62451868023659,4.28773396005364
92,38,0,"2","4",0,1.62451868023659,4.28773396005364
93,38,0,"3","5",0,1.62451868023659,4.28773396005364
94,38,0,"4","6",0,1.62451868023659,4.28773396005364
95,38,0,"5","7",1,1.55128503023387,4.59454386097473
96,38,0,"6","1",1,1.55128503023387,4.59454386097473
97,38,0,"7","2",0,1.62451868023659,4.28773396005364
98,38,0,"1","3",0,1.62451868023659,4.28773396005364
99,38,0,"2","4",0,1.62451868023659,4.28773396005364
100,38,0,"3","5",0,1.62451868023659,4.28773396005364
101,38,0,"4","6",0,1.62451868023659,4.28773396005364
102,38,0,"5","7",1,1.55128503023387,4.59454386097473
103,38,0,"6","1",1,1.55128503023387,4.59454386097473
104,38,0,"7","2",0,1.62451868023659,4.28773396005364
105,38,NA,"1","3",0,1.62451868023659,4.28773396005364
106,38,NA,"2","4",0,1.62451868023659,4.28773396005364
107,38,NA,"3","5",0,1.62451868023659,4.28773396005364
108,38,NA,"4","6",0,1.62451868023659,4.28773396005364
109,38,NA,"5","7",1,1.55128503023387,4.59454386097473
110,38,NA,"6","1",1,1.55128503023387,4.59454386097473
111,38,NA,"7","2",0,1.62451868023659,4.28773396005364
112,38,NA,"1","3",0,1.62451868023659,4.28773396005364
113,38,NA,"2","4",0,1.62451868023659,4.28773396005364
114,38,NA,"3","5",0,1.62451868023659,4.28773396005364
115,38,NA,"4","6",0,1.62451868023659,4.28773396005364
116,38,NA,"5","7",1,1.55128503023387,4.59454386097473
117,38,NA,"6","1",1,1.55128503023387,4.59454386097473
118,38,NA,"7","2",0,1.62451868023659,4.28773396005364
119,38,NA,"1","3",0,1.62451868023659,4.28773396005364
120,38,NA,"2","4",0,1.62451868023659,4.28773396005364
121,38,NA,"3","5",0,1.62451868023659,4.28773396005364
122,38,NA,"4","6",0,1.62451868023659,4.28773396005364
123,38,NA,"5","7",1,1.55128503023387,4.59454386097473
124,38,NA,"6","1",1,1.55128503023387,4.59454386097473
125,38,NA,"7","2",0,1.62451868023659,4.28773396005364
126,38,NA,"1","3",0,1.62451868023659,4.28773396005364
127,38,NA,"2","4",0,1.62451868023659,4.28773396005364
128,38,NA,"3","5",0,1.62451868023659,4.28773396005364
129,38,NA,"4","6",0,1.62451868023659,4.28773396005364
130,38,NA,"5","7",1,1.55128503023387,4.59454386097473
131,38,NA,"6","1",1,1.55128503023387,4.59454386097473
132,38,NA,"7","2",0,1.62451868023659,4.28773396005364
133,38,NA,"1","3",0,1.62451868023659,4.28773396005364
134,38,NA,"2","4",0,1.62451868023659,4.28773396005364
135,38,NA,"3","5",0,1.62451868023659,4.28773396005364
136,38,NA,"4","6",0,1.62451868023659,4.28773396005364
137,38,NA,"5","7",1,1.55128503023387,4.59454386097473
138,38,NA,"6","1",1,1.55128503023387,4.59454386097473
139,38,NA,"7","2",0,1.62451868023659,4.28773396005364
140,38,NA,"1","3",0,1.62451868023659,4.28773396005364
141,38,NA,"2","4",0,1.62451868023659,4.28773396005364
81,39,0,"5","1",1,1.55128503023387,4.59454386097473
82,39,0,"6","2",1,1.55128503023387,4.59454386097473
83,39,0,"7","3",0,1.62451868023659,4.28773396005364
84,39,0,"1","4",0,1.62451868023659,4.28773396005364
85,39,0,"2","5",0,1.62451868023659,4.28773396005364
86,39,0,"3","6",0,1.62451868023659,4.28773396005364
87,39,0,"4","7",0,1.62451868023659,4.28773396005364
88,39,0,"5","1",1,1.55128503023387,4.59454386097473
89,39,0,"6","2",1,1.55128503023387,4.59454386097473
90,39,0,"7","3",0,1.62451868023659,4.28773396005364
91,39,0,"1","4",0,1.62451868023659,4.28773396005364
92,39,0,"2","5",0,1.62451868023659,4.28773396005364
93,39,0,"3","6",0,1.62451868023659,4.28773396005364
94,39,0,"4","7",0,1.62451868023659,4.28773396005364
95,39,0,"5","1",1,1.55128503023387,4.59454386097473
96,39,0,"6","2",1,1.55128503023387,4.59454386097473
97,39,0,"7","3",0,1.62451868023659,4.28773396005364
98,39,0,"1","4",0,1.62451868023659,4.28773396005364
99,39,0,"2","5",0,1.62451868023659,4.28773396005364
100,39,0,"3","6",0,1.62451868023659,4.28773396005364
101,39,0,"4","7",0,1.62451868023659,4.28773396005364
102,39,0,"5","1",1,1.55128503023387,4.59454386097473
103,39,0,"6","2",1,1.55128503023387,4.59454386097473
104,39,NA,"7","3",0,1.62451868023659,4.28773396005364
105,39,NA,"1","4",0,1.62451868023659,4.28773396005364
106,39,NA,"2","5",0,1.62451868023659,4.28773396005364
107,39,NA,"3","6",0,1.62451868023659,4.28773396005364
108,39,NA,"4","7",0,1.62451868023659,4.28773396005364
109,39,NA,"5","1",1,1.55128503023387,4.59454386097473
110,39,NA,"6","2",1,1.55128503023387,4.59454386097473
111,39,NA,"7","3",0,1.62451868023659,4.28773396005364
112,39,NA,"1","4",0,1.62451868023659,4.28773396005364
113,39,NA,"2","5",0,1.62451868023659,4.28773396005364
114,39,NA,"3","6",0,1.62451868023659,4.28773396005364
115,39,NA,"4","7",0,1.62451868023659,4.28773396005364
116,39,NA,"5","1",1,1.55128503023387,4.59454386097473
117,39,NA,"6","2",1,1.55128503023387,4.59454386097473
118,39,NA,"7","3",0,1.62451868023659,4.28773396005364
119,39,NA,"1","4",0,1.62451868023659,4.28773396005364
120,39,NA,"2","5",0,1.62451868023659,4.28773396005364
121,39,NA,"3","6",0,1.62451868023659,4.28773396005364
122,39,NA,"4","7",0,1.62451868023659,4.28773396005364
123,39,NA,"5","1",1,1.55128503023387,4.59454386097473
124,39,NA,"6","2",1,1.55128503023387,4.59454386097473
125,39,NA,"7","3",0,1.62451868023659,4.28773396005364
126,39,NA,"1","4",0,1.62451868023659,4.28773396005364
127,39,NA,"2","5",0,1.62451868023659,4.28773396005364
128,39,NA,"3","6",0,1.62451868023659,4.28773396005364
129,39,NA,"4","7",0,1.62451868023659,4.28773396005364
130,39,NA,"5","1",1,1.55128503023387,4.59454386097473
131,39,NA,"6","2",1,1.55128503023387,4.59454386097473
132,39,NA,"7","3",0,1.62451868023659,4.28773396005364
133,39,NA,"1","4",0,1.62451868023659,4.28773396005364
134,39,NA,"2","5",0,1.62451868023659,4.28773396005364
135,39,NA,"3","6",0,1.62451868023659,4.28773396005364
136,39,NA,"4","7",0,1.62451868023659,4.28773396005364
137,39,NA,"5","1",1,1.55128503023387,4.59454386097473
138,39,NA,"6","2",1,1.55128503023387,4.59454386097473
139,39,NA,"7","3",0,1.62451868023659,4.28773396005364
140,39,NA,"1","4",0,1.62451868023659,4.28773396005364
141,39,NA,"2","5",0,1.62451868023659,4.28773396005364
81,40,0,"5","2",1,1.55128503023387,4.59454386097473
82,40,0,"6","3",1,1.55128503023387,4.59454386097473
83,40,0,"7","4",0,1.62451868023659,4.28773396005364
84,40,0,"1","5",0,1.62451868023659,4.28773396005364
85,40,0,"2","6",0,1.62451868023659,4.28773396005364
86,40,0,"3","7",0,1.62451868023659,4.28773396005364
87,40,0,"4","1",0,1.62451868023659,4.28773396005364
88,40,0,"5","2",1,1.55128503023387,4.59454386097473
89,40,0,"6","3",1,1.55128503023387,4.59454386097473
90,40,0,"7","4",0,1.62451868023659,4.28773396005364
91,40,0,"1","5",0,1.62451868023659,4.28773396005364
92,40,0,"2","6",0,1.62451868023659,4.28773396005364
93,40,0,"3","7",0,1.62451868023659,4.28773396005364
94,40,0,"4","1",0,1.62451868023659,4.28773396005364
95,40,0,"5","2",1,1.55128503023387,4.59454386097473
96,40,0,"6","3",1,1.55128503023387,4.59454386097473
97,40,0,"7","4",0,1.62451868023659,4.28773396005364
98,40,0,"1","5",0,1.62451868023659,4.28773396005364
99,40,0,"2","6",0,1.62451868023659,4.28773396005364
100,40,0,"3","7",0,1.62451868023659,4.28773396005364
101,40,0,"4","1",0,1.62451868023659,4.28773396005364
102,40,0,"5","2",1,1.55128503023387,4.59454386097473
103,40,NA,"6","3",1,1.55128503023387,4.59454386097473
104,40,NA,"7","4",0,1.62451868023659,4.28773396005364
105,40,NA,"1","5",0,1.62451868023659,4.28773396005364
106,40,NA,"2","6",0,1.62451868023659,4.28773396005364
107,40,NA,"3","7",0,1.62451868023659,4.28773396005364
108,40,NA,"4","1",0,1.62451868023659,4.28773396005364
109,40,NA,"5","2",1,1.55128503023387,4.59454386097473
110,40,NA,"6","3",1,1.55128503023387,4.59454386097473
111,40,NA,"7","4",0,1.62451868023659,4.28773396005364
112,40,NA,"1","5",0,1.62451868023659,4.28773396005364
113,40,NA,"2","6",0,1.62451868023659,4.28773396005364
114,40,NA,"3","7",0,1.62451868023659,4.28773396005364
115,40,NA,"4","1",0,1.62451868023659,4.28773396005364
116,40,NA,"5","2",1,1.55128503023387,4.59454386097473
117,40,NA,"6","3",1,1.55128503023387,4.59454386097473
118,40,NA,"7","4",0,1.62451868023659,4.28773396005364
119,40,NA,"1","5",0,1.62451868023659,4.28773396005364
120,40,NA,"2","6",0,1.62451868023659,4.28773396005364
121,40,NA,"3","7",0,1.62451868023659,4.28773396005364
122,40,NA,"4","1",0,1.62451868023659,4.28773396005364
123,40,NA,"5","2",1,1.55128503023387,4.59454386097473
124,40,NA,"6","3",1,1.55128503023387,4.59454386097473
125,40,NA,"7","4",0,1.62451868023659,4.28773396005364
126,40,NA,"1","5",0,1.62451868023659,4.28773396005364
127,40,NA,"2","6",0,1.62451868023659,4.28773396005364
128,40,NA,"3","7",0,1.62451868023659,4.28773396005364
129,40,NA,"4","1",0,1.62451868023659,4.28773396005364
130,40,NA,"5","2",1,1.55128503023387,4.59454386097473
131,40,NA,"6","3",1,1.55128503023387,4.59454386097473
132,40,NA,"7","4",0,1.62451868023659,4.28773396005364
133,40,NA,"1","5",0,1.62451868023659,4.28773396005364
134,40,NA,"2","6",0,1.62451868023659,4.28773396005364
135,40,NA,"3","7",0,1.62451868023659,4.28773396005364
136,40,NA,"4","1",0,1.62451868023659,4.28773396005364
137,40,NA,"5","2",1,1.55128503023387,4.59454386097473
138,40,NA,"6","3",1,1.55128503023387,4.59454386097473
139,40,NA,"7","4",0,1.62451868023659,4.28773396005364
140,40,NA,"1","5",0,1.62451868023659,4.28773396005364
141,40,NA,"2","6",0,1.62451868023659,4.28773396005364
81,41,0,"5","3",1,1.55128503023387,4.59454386097473
82,41,0,"6","4",1,1.55128503023387,4.59454386097473
83,41,0,"7","5",0,1.62451868023659,4.28773396005364
84,41,1,"1","6",0,1.62451868023659,4.28773396005364
85,41,0,"2","7",0,1.62451868023659,4.28773396005364
86,41,0,"3","1",0,1.62451868023659,4.28773396005364
87,41,0,"4","2",0,1.62451868023659,4.28773396005364
88,41,0,"5","3",1,1.55128503023387,4.59454386097473
89,41,0,"6","4",1,1.55128503023387,4.59454386097473
90,41,0,"7","5",0,1.62451868023659,4.28773396005364
91,41,0,"1","6",0,1.62451868023659,4.28773396005364
92,41,0,"2","7",0,1.62451868023659,4.28773396005364
93,41,0,"3","1",0,1.62451868023659,4.28773396005364
94,41,0,"4","2",0,1.62451868023659,4.28773396005364
95,41,0,"5","3",1,1.55128503023387,4.59454386097473
96,41,0,"6","4",1,1.55128503023387,4.59454386097473
97,41,0,"7","5",0,1.62451868023659,4.28773396005364
98,41,0,"1","6",0,1.62451868023659,4.28773396005364
99,41,0,"2","7",0,1.62451868023659,4.28773396005364
100,41,0,"3","1",0,1.62451868023659,4.28773396005364
101,41,0,"4","2",0,1.62451868023659,4.28773396005364
102,41,NA,"5","3",1,1.55128503023387,4.59454386097473
103,41,NA,"6","4",1,1.55128503023387,4.59454386097473
104,41,NA,"7","5",0,1.62451868023659,4.28773396005364
105,41,NA,"1","6",0,1.62451868023659,4.28773396005364
106,41,NA,"2","7",0,1.62451868023659,4.28773396005364
107,41,NA,"3","1",0,1.62451868023659,4.28773396005364
108,41,NA,"4","2",0,1.62451868023659,4.28773396005364
109,41,NA,"5","3",1,1.55128503023387,4.59454386097473
110,41,NA,"6","4",1,1.55128503023387,4.59454386097473
111,41,NA,"7","5",0,1.62451868023659,4.28773396005364
112,41,NA,"1","6",0,1.62451868023659,4.28773396005364
113,41,NA,"2","7",0,1.62451868023659,4.28773396005364
114,41,NA,"3","1",0,1.62451868023659,4.28773396005364
115,41,NA,"4","2",0,1.62451868023659,4.28773396005364
116,41,NA,"5","3",1,1.55128503023387,4.59454386097473
117,41,NA,"6","4",1,1.55128503023387,4.59454386097473
118,41,NA,"7","5",0,1.62451868023659,4.28773396005364
119,41,NA,"1","6",0,1.62451868023659,4.28773396005364
120,41,NA,"2","7",0,1.62451868023659,4.28773396005364
121,41,NA,"3","1",0,1.62451868023659,4.28773396005364
122,41,NA,"4","2",0,1.62451868023659,4.28773396005364
123,41,NA,"5","3",1,1.55128503023387,4.59454386097473
124,41,NA,"6","4",1,1.55128503023387,4.59454386097473
125,41,NA,"7","5",0,1.62451868023659,4.28773396005364
126,41,NA,"1","6",0,1.62451868023659,4.28773396005364
127,41,NA,"2","7",0,1.62451868023659,4.28773396005364
128,41,NA,"3","1",0,1.62451868023659,4.28773396005364
129,41,NA,"4","2",0,1.62451868023659,4.28773396005364
130,41,NA,"5","3",1,1.55128503023387,4.59454386097473
131,41,NA,"6","4",1,1.55128503023387,4.59454386097473
132,41,NA,"7","5",0,1.62451868023659,4.28773396005364
133,41,NA,"1","6",0,1.62451868023659,4.28773396005364
134,41,NA,"2","7",0,1.62451868023659,4.28773396005364
135,41,NA,"3","1",0,1.62451868023659,4.28773396005364
136,41,NA,"4","2",0,1.62451868023659,4.28773396005364
137,41,NA,"5","3",1,1.55128503023387,4.59454386097473
138,41,NA,"6","4",1,1.55128503023387,4.59454386097473
139,41,NA,"7","5",0,1.62451868023659,4.28773396005364
140,41,NA,"1","6",0,1.62451868023659,4.28773396005364
141,41,NA,"2","7",0,1.62451868023659,4.28773396005364
81,42,0,"5","4",1,1.55128503023387,4.59454386097473
82,42,0,"6","5",1,1.55128503023387,4.59454386097473
83,42,0,"7","6",0,1.62451868023659,4.28773396005364
84,42,0,"1","7",0,1.62451868023659,4.28773396005364
85,42,0,"2","1",0,1.62451868023659,4.28773396005364
86,42,0,"3","2",0,1.62451868023659,4.28773396005364
87,42,0,"4","3",0,1.62451868023659,4.28773396005364
88,42,0,"5","4",1,1.55128503023387,4.59454386097473
89,42,0,"6","5",1,1.55128503023387,4.59454386097473
90,42,0,"7","6",0,1.62451868023659,4.28773396005364
91,42,0,"1","7",0,1.62451868023659,4.28773396005364
92,42,0,"2","1",0,1.62451868023659,4.28773396005364
93,42,0,"3","2",0,1.62451868023659,4.28773396005364
94,42,0,"4","3",0,1.62451868023659,4.28773396005364
95,42,0,"5","4",1,1.55128503023387,4.59454386097473
96,42,0,"6","5",1,1.55128503023387,4.59454386097473
97,42,0,"7","6",0,1.62451868023659,4.28773396005364
98,42,0,"1","7",0,1.62451868023659,4.28773396005364
99,42,0,"2","1",0,1.62451868023659,4.28773396005364
100,42,0,"3","2",0,1.62451868023659,4.28773396005364
101,42,NA,"4","3",0,1.62451868023659,4.28773396005364
102,42,NA,"5","4",1,1.55128503023387,4.59454386097473
103,42,NA,"6","5",1,1.55128503023387,4.59454386097473
104,42,NA,"7","6",0,1.62451868023659,4.28773396005364
105,42,NA,"1","7",0,1.62451868023659,4.28773396005364
106,42,NA,"2","1",0,1.62451868023659,4.28773396005364
107,42,NA,"3","2",0,1.62451868023659,4.28773396005364
108,42,NA,"4","3",0,1.62451868023659,4.28773396005364
109,42,NA,"5","4",1,1.55128503023387,4.59454386097473
110,42,NA,"6","5",1,1.55128503023387,4.59454386097473
111,42,NA,"7","6",0,1.62451868023659,4.28773396005364
112,42,NA,"1","7",0,1.62451868023659,4.28773396005364
113,42,NA,"2","1",0,1.62451868023659,4.28773396005364
114,42,NA,"3","2",0,1.62451868023659,4.28773396005364
115,42,NA,"4","3",0,1.62451868023659,4.28773396005364
116,42,NA,"5","4",1,1.55128503023387,4.59454386097473
117,42,NA,"6","5",1,1.55128503023387,4.59454386097473
118,42,NA,"7","6",0,1.62451868023659,4.28773396005364
119,42,NA,"1","7",0,1.62451868023659,4.28773396005364
120,42,NA,"2","1",0,1.62451868023659,4.28773396005364
121,42,NA,"3","2",0,1.62451868023659,4.28773396005364
122,42,NA,"4","3",0,1.62451868023659,4.28773396005364
123,42,NA,"5","4",1,1.55128503023387,4.59454386097473
124,42,NA,"6","5",1,1.55128503023387,4.59454386097473
125,42,NA,"7","6",0,1.62451868023659,4.28773396005364
126,42,NA,"1","7",0,1.62451868023659,4.28773396005364
127,42,NA,"2","1",0,1.62451868023659,4.28773396005364
128,42,NA,"3","2",0,1.62451868023659,4.28773396005364
129,42,NA,"4","3",0,1.62451868023659,4.28773396005364
130,42,NA,"5","4",1,1.55128503023387,4.59454386097473
131,42,NA,"6","5",1,1.55128503023387,4.59454386097473
132,42,NA,"7","6",0,1.62451868023659,4.28773396005364
133,42,NA,"1","7",0,1.62451868023659,4.28773396005364
134,42,NA,"2","1",0,1.62451868023659,4.28773396005364
135,42,NA,"3","2",0,1.62451868023659,4.28773396005364
136,42,NA,"4","3",0,1.62451868023659,4.28773396005364
137,42,NA,"5","4",1,1.55128503023387,4.59454386097473
138,42,NA,"6","5",1,1.55128503023387,4.59454386097473
139,42,NA,"7","6",0,1.62451868023659,4.28773396005364
140,42,NA,"1","7",0,1.62451868023659,4.28773396005364
141,42,NA,"2","1",0,1.62451868023659,4.28773396005364
81,43,0,"5","5",1,1.55128503023387,4.59454386097473
82,43,0,"6","6",1,1.55128503023387,4.59454386097473
83,43,0,"7","7",0,1.62451868023659,4.28773396005364
84,43,0,"1","1",0,1.62451868023659,4.28773396005364
85,43,0,"2","2",0,1.62451868023659,4.28773396005364
86,43,0,"3","3",0,1.62451868023659,4.28773396005364
87,43,0,"4","4",0,1.62451868023659,4.28773396005364
88,43,0,"5","5",1,1.55128503023387,4.59454386097473
89,43,0,"6","6",1,1.55128503023387,4.59454386097473
90,43,0,"7","7",0,1.62451868023659,4.28773396005364
91,43,0,"1","1",0,1.62451868023659,4.28773396005364
92,43,0,"2","2",0,1.62451868023659,4.28773396005364
93,43,0,"3","3",0,1.62451868023659,4.28773396005364
94,43,0,"4","4",0,1.62451868023659,4.28773396005364
95,43,0,"5","5",1,1.55128503023387,4.59454386097473
96,43,0,"6","6",1,1.55128503023387,4.59454386097473
97,43,0,"7","7",0,1.62451868023659,4.28773396005364
98,43,0,"1","1",0,1.62451868023659,4.28773396005364
99,43,0,"2","2",0,1.62451868023659,4.28773396005364
100,43,NA,"3","3",0,1.62451868023659,4.28773396005364
101,43,NA,"4","4",0,1.62451868023659,4.28773396005364
102,43,NA,"5","5",1,1.55128503023387,4.59454386097473
103,43,NA,"6","6",1,1.55128503023387,4.59454386097473
104,43,NA,"7","7",0,1.62451868023659,4.28773396005364
105,43,NA,"1","1",0,1.62451868023659,4.28773396005364
106,43,NA,"2","2",0,1.62451868023659,4.28773396005364
107,43,NA,"3","3",0,1.62451868023659,4.28773396005364
108,43,NA,"4","4",0,1.62451868023659,4.28773396005364
109,43,NA,"5","5",1,1.55128503023387,4.59454386097473
110,43,NA,"6","6",1,1.55128503023387,4.59454386097473
111,43,NA,"7","7",0,1.62451868023659,4.28773396005364
112,43,NA,"1","1",0,1.62451868023659,4.28773396005364
113,43,NA,"2","2",0,1.62451868023659,4.28773396005364
114,43,NA,"3","3",0,1.62451868023659,4.28773396005364
115,43,NA,"4","4",0,1.62451868023659,4.28773396005364
116,43,NA,"5","5",1,1.55128503023387,4.59454386097473
117,43,NA,"6","6",1,1.55128503023387,4.59454386097473
118,43,NA,"7","7",0,1.62451868023659,4.28773396005364
119,43,NA,"1","1",0,1.62451868023659,4.28773396005364
120,43,NA,"2","2",0,1.62451868023659,4.28773396005364
121,43,NA,"3","3",0,1.62451868023659,4.28773396005364
122,43,NA,"4","4",0,1.62451868023659,4.28773396005364
123,43,NA,"5","5",1,1.55128503023387,4.59454386097473
124,43,NA,"6","6",1,1.55128503023387,4.59454386097473
125,43,NA,"7","7",0,1.62451868023659,4.28773396005364
126,43,NA,"1","1",0,1.62451868023659,4.28773396005364
127,43,NA,"2","2",0,1.62451868023659,4.28773396005364
128,43,NA,"3","3",0,1.62451868023659,4.28773396005364
129,43,NA,"4","4",0,1.62451868023659,4.28773396005364
130,43,NA,"5","5",1,1.55128503023387,4.59454386097473
131,43,NA,"6","6",1,1.55128503023387,4.59454386097473
132,43,NA,"7","7",0,1.62451868023659,4.28773396005364
133,43,NA,"1","1",0,1.62451868023659,4.28773396005364
134,43,NA,"2","2",0,1.62451868023659,4.28773396005364
135,43,NA,"3","3",0,1.62451868023659,4.28773396005364
136,43,NA,"4","4",0,1.62451868023659,4.28773396005364
137,43,NA,"5","5",1,1.55128503023387,4.59454386097473
138,43,NA,"6","6",1,1.55128503023387,4.59454386097473
139,43,NA,"7","7",0,1.62451868023659,4.28773396005364
140,43,NA,"1","1",0,1.62451868023659,4.28773396005364
141,43,NA,"2","2",0,1.62451868023659,4.28773396005364
81,44,0,"5","6",1,1.55128503023387,4.59454386097473
82,44,0,"6","7",1,1.55128503023387,4.59454386097473
83,44,0,"7","1",0,1.62451868023659,4.28773396005364
84,44,0,"1","2",0,1.62451868023659,4.28773396005364
85,44,0,"2","3",0,1.62451868023659,4.28773396005364
86,44,0,"3","4",0,1.62451868023659,4.28773396005364
87,44,0,"4","5",0,1.62451868023659,4.28773396005364
88,44,0,"5","6",1,1.55128503023387,4.59454386097473
89,44,0,"6","7",1,1.55128503023387,4.59454386097473
90,44,0,"7","1",0,1.62451868023659,4.28773396005364
91,44,0,"1","2",0,1.62451868023659,4.28773396005364
92,44,0,"2","3",0,1.62451868023659,4.28773396005364
93,44,0,"3","4",0,1.62451868023659,4.28773396005364
94,44,0,"4","5",0,1.62451868023659,4.28773396005364
95,44,0,"5","6",1,1.55128503023387,4.59454386097473
96,44,0,"6","7",1,1.55128503023387,4.59454386097473
97,44,0,"7","1",0,1.62451868023659,4.28773396005364
98,44,0,"1","2",0,1.62451868023659,4.28773396005364
99,44,NA,"2","3",0,1.62451868023659,4.28773396005364
100,44,NA,"3","4",0,1.62451868023659,4.28773396005364
101,44,NA,"4","5",0,1.62451868023659,4.28773396005364
102,44,NA,"5","6",1,1.55128503023387,4.59454386097473
103,44,NA,"6","7",1,1.55128503023387,4.59454386097473
104,44,NA,"7","1",0,1.62451868023659,4.28773396005364
105,44,NA,"1","2",0,1.62451868023659,4.28773396005364
106,44,NA,"2","3",0,1.62451868023659,4.28773396005364
107,44,NA,"3","4",0,1.62451868023659,4.28773396005364
108,44,NA,"4","5",0,1.62451868023659,4.28773396005364
109,44,NA,"5","6",1,1.55128503023387,4.59454386097473
110,44,NA,"6","7",1,1.55128503023387,4.59454386097473
111,44,NA,"7","1",0,1.62451868023659,4.28773396005364
112,44,NA,"1","2",0,1.62451868023659,4.28773396005364
113,44,NA,"2","3",0,1.62451868023659,4.28773396005364
114,44,NA,"3","4",0,1.62451868023659,4.28773396005364
115,44,NA,"4","5",0,1.62451868023659,4.28773396005364
116,44,NA,"5","6",1,1.55128503023387,4.59454386097473
117,44,NA,"6","7",1,1.55128503023387,4.59454386097473
118,44,NA,"7","1",0,1.62451868023659,4.28773396005364
119,44,NA,"1","2",0,1.62451868023659,4.28773396005364
120,44,NA,"2","3",0,1.62451868023659,4.28773396005364
121,44,NA,"3","4",0,1.62451868023659,4.28773396005364
122,44,NA,"4","5",0,1.62451868023659,4.28773396005364
123,44,NA,"5","6",1,1.55128503023387,4.59454386097473
124,44,NA,"6","7",1,1.55128503023387,4.59454386097473
125,44,NA,"7","1",0,1.62451868023659,4.28773396005364
126,44,NA,"1","2",0,1.62451868023659,4.28773396005364
127,44,NA,"2","3",0,1.62451868023659,4.28773396005364
128,44,NA,"3","4",0,1.62451868023659,4.28773396005364
129,44,NA,"4","5",0,1.62451868023659,4.28773396005364
130,44,NA,"5","6",1,1.55128503023387,4.59454386097473
131,44,NA,"6","7",1,1.55128503023387,4.59454386097473
132,44,NA,"7","1",0,1.62451868023659,4.28773396005364
133,44,NA,"1","2",0,1.62451868023659,4.28773396005364
134,44,NA,"2","3",0,1.62451868023659,4.28773396005364
135,44,NA,"3","4",0,1.62451868023659,4.28773396005364
136,44,NA,"4","5",0,1.62451868023659,4.28773396005364
137,44,NA,"5","6",1,1.55128503023387,4.59454386097473
138,44,NA,"6","7",1,1.55128503023387,4.59454386097473
139,44,NA,"7","1",0,1.62451868023659,4.28773396005364
140,44,NA,"1","2",0,1.62451868023659,4.28773396005364
141,44,NA,"2","3",0,1.62451868023659,4.28773396005364
81,45,0,"5","7",1,1.55128503023387,4.59454386097473
82,45,0,"6","1",1,1.55128503023387,4.59454386097473
83,45,0,"7","2",0,1.62451868023659,4.28773396005364
84,45,0,"1","3",0,1.62451868023659,4.28773396005364
85,45,0,"2","4",0,1.62451868023659,4.28773396005364
86,45,0,"3","5",0,1.62451868023659,4.28773396005364
87,45,0,"4","6",0,1.62451868023659,4.28773396005364
88,45,0,"5","7",1,1.55128503023387,4.59454386097473
89,45,0,"6","1",1,1.55128503023387,4.59454386097473
90,45,0,"7","2",0,1.62451868023659,4.28773396005364
91,45,0,"1","3",0,1.62451868023659,4.28773396005364
92,45,0,"2","4",0,1.62451868023659,4.28773396005364
93,45,0,"3","5",0,1.62451868023659,4.28773396005364
94,45,0,"4","6",0,1.62451868023659,4.28773396005364
95,45,0,"5","7",1,1.55128503023387,4.59454386097473
96,45,0,"6","1",1,1.55128503023387,4.59454386097473
97,45,0,"7","2",0,1.62451868023659,4.28773396005364
98,45,NA,"1","3",0,1.62451868023659,4.28773396005364
99,45,NA,"2","4",0,1.62451868023659,4.28773396005364
100,45,NA,"3","5",0,1.62451868023659,4.28773396005364
101,45,NA,"4","6",0,1.62451868023659,4.28773396005364
102,45,NA,"5","7",1,1.55128503023387,4.59454386097473
103,45,NA,"6","1",1,1.55128503023387,4.59454386097473
104,45,NA,"7","2",0,1.62451868023659,4.28773396005364
105,45,NA,"1","3",0,1.62451868023659,4.28773396005364
106,45,NA,"2","4",0,1.62451868023659,4.28773396005364
107,45,NA,"3","5",0,1.62451868023659,4.28773396005364
108,45,NA,"4","6",0,1.62451868023659,4.28773396005364
109,45,NA,"5","7",1,1.55128503023387,4.59454386097473
110,45,NA,"6","1",1,1.55128503023387,4.59454386097473
111,45,NA,"7","2",0,1.62451868023659,4.28773396005364
112,45,NA,"1","3",0,1.62451868023659,4.28773396005364
113,45,NA,"2","4",0,1.62451868023659,4.28773396005364
114,45,NA,"3","5",0,1.62451868023659,4.28773396005364
115,45,NA,"4","6",0,1.62451868023659,4.28773396005364
116,45,NA,"5","7",1,1.55128503023387,4.59454386097473
117,45,NA,"6","1",1,1.55128503023387,4.59454386097473
118,45,NA,"7","2",0,1.62451868023659,4.28773396005364
119,45,NA,"1","3",0,1.62451868023659,4.28773396005364
120,45,NA,"2","4",0,1.62451868023659,4.28773396005364
121,45,NA,"3","5",0,1.62451868023659,4.28773396005364
122,45,NA,"4","6",0,1.62451868023659,4.28773396005364
123,45,NA,"5","7",1,1.55128503023387,4.59454386097473
124,45,NA,"6","1",1,1.55128503023387,4.59454386097473
125,45,NA,"7","2",0,1.62451868023659,4.28773396005364
126,45,NA,"1","3",0,1.62451868023659,4.28773396005364
127,45,NA,"2","4",0,1.62451868023659,4.28773396005364
128,45,NA,"3","5",0,1.62451868023659,4.28773396005364
129,45,NA,"4","6",0,1.62451868023659,4.28773396005364
130,45,NA,"5","7",1,1.55128503023387,4.59454386097473
131,45,NA,"6","1",1,1.55128503023387,4.59454386097473
132,45,NA,"7","2",0,1.62451868023659,4.28773396005364
133,45,NA,"1","3",0,1.62451868023659,4.28773396005364
134,45,NA,"2","4",0,1.62451868023659,4.28773396005364
135,45,NA,"3","5",0,1.62451868023659,4.28773396005364
136,45,NA,"4","6",0,1.62451868023659,4.28773396005364
137,45,NA,"5","7",1,1.55128503023387,4.59454386097473
138,45,NA,"6","1",1,1.55128503023387,4.59454386097473
139,45,NA,"7","2",0,1.62451868023659,4.28773396005364
140,45,NA,"1","3",0,1.62451868023659,4.28773396005364
141,45,NA,"2","4",0,1.62451868023659,4.28773396005364
81,46,0,"5","1",1,1.55128503023387,4.59454386097473
82,46,0,"6","2",1,1.55128503023387,4.59454386097473
83,46,0,"7","3",0,1.62451868023659,4.28773396005364
84,46,0,"1","4",0,1.62451868023659,4.28773396005364
85,46,0,"2","5",0,1.62451868023659,4.28773396005364
86,46,0,"3","6",0,1.62451868023659,4.28773396005364
87,46,0,"4","7",0,1.62451868023659,4.28773396005364
88,46,0,"5","1",1,1.55128503023387,4.59454386097473
89,46,0,"6","2",1,1.55128503023387,4.59454386097473
90,46,0,"7","3",0,1.62451868023659,4.28773396005364
91,46,0,"1","4",0,1.62451868023659,4.28773396005364
92,46,0,"2","5",0,1.62451868023659,4.28773396005364
93,46,0,"3","6",0,1.62451868023659,4.28773396005364
94,46,0,"4","7",0,1.62451868023659,4.28773396005364
95,46,0,"5","1",1,1.55128503023387,4.59454386097473
96,46,0,"6","2",1,1.55128503023387,4.59454386097473
97,46,NA,"7","3",0,1.62451868023659,4.28773396005364
98,46,NA,"1","4",0,1.62451868023659,4.28773396005364
99,46,NA,"2","5",0,1.62451868023659,4.28773396005364
100,46,NA,"3","6",0,1.62451868023659,4.28773396005364
101,46,NA,"4","7",0,1.62451868023659,4.28773396005364
102,46,NA,"5","1",1,1.55128503023387,4.59454386097473
103,46,NA,"6","2",1,1.55128503023387,4.59454386097473
104,46,NA,"7","3",0,1.62451868023659,4.28773396005364
105,46,NA,"1","4",0,1.62451868023659,4.28773396005364
106,46,NA,"2","5",0,1.62451868023659,4.28773396005364
107,46,NA,"3","6",0,1.62451868023659,4.28773396005364
108,46,NA,"4","7",0,1.62451868023659,4.28773396005364
109,46,NA,"5","1",1,1.55128503023387,4.59454386097473
110,46,NA,"6","2",1,1.55128503023387,4.59454386097473
111,46,NA,"7","3",0,1.62451868023659,4.28773396005364
112,46,NA,"1","4",0,1.62451868023659,4.28773396005364
113,46,NA,"2","5",0,1.62451868023659,4.28773396005364
114,46,NA,"3","6",0,1.62451868023659,4.28773396005364
115,46,NA,"4","7",0,1.62451868023659,4.28773396005364
116,46,NA,"5","1",1,1.55128503023387,4.59454386097473
117,46,NA,"6","2",1,1.55128503023387,4.59454386097473
118,46,NA,"7","3",0,1.62451868023659,4.28773396005364
119,46,NA,"1","4",0,1.62451868023659,4.28773396005364
120,46,NA,"2","5",0,1.62451868023659,4.28773396005364
121,46,NA,"3","6",0,1.62451868023659,4.28773396005364
122,46,NA,"4","7",0,1.62451868023659,4.28773396005364
123,46,NA,"5","1",1,1.55128503023387,4.59454386097473
124,46,NA,"6","2",1,1.55128503023387,4.59454386097473
125,46,NA,"7","3",0,1.62451868023659,4.28773396005364
126,46,NA,"1","4",0,1.62451868023659,4.28773396005364
127,46,NA,"2","5",0,1.62451868023659,4.28773396005364
128,46,NA,"3","6",0,1.62451868023659,4.28773396005364
129,46,NA,"4","7",0,1.62451868023659,4.28773396005364
130,46,NA,"5","1",1,1.55128503023387,4.59454386097473
131,46,NA,"6","2",1,1.55128503023387,4.59454386097473
132,46,NA,"7","3",0,1.62451868023659,4.28773396005364
133,46,NA,"1","4",0,1.62451868023659,4.28773396005364
134,46,NA,"2","5",0,1.62451868023659,4.28773396005364
135,46,NA,"3","6",0,1.62451868023659,4.28773396005364
136,46,NA,"4","7",0,1.62451868023659,4.28773396005364
137,46,NA,"5","1",1,1.55128503023387,4.59454386097473
138,46,NA,"6","2",1,1.55128503023387,4.59454386097473
139,46,NA,"7","3",0,1.62451868023659,4.28773396005364
140,46,NA,"1","4",0,1.62451868023659,4.28773396005364
141,46,NA,"2","5",0,1.62451868023659,4.28773396005364
81,47,0,"5","2",1,1.55128503023387,4.59454386097473
82,47,0,"6","3",1,1.55128503023387,4.59454386097473
83,47,0,"7","4",0,1.62451868023659,4.28773396005364
84,47,0,"1","5",0,1.62451868023659,4.28773396005364
85,47,0,"2","6",0,1.62451868023659,4.28773396005364
86,47,0,"3","7",0,1.62451868023659,4.28773396005364
87,47,0,"4","1",0,1.62451868023659,4.28773396005364
88,47,0,"5","2",1,1.55128503023387,4.59454386097473
89,47,0,"6","3",1,1.55128503023387,4.59454386097473
90,47,0,"7","4",0,1.62451868023659,4.28773396005364
91,47,0,"1","5",0,1.62451868023659,4.28773396005364
92,47,0,"2","6",0,1.62451868023659,4.28773396005364
93,47,0,"3","7",0,1.62451868023659,4.28773396005364
94,47,0,"4","1",0,1.62451868023659,4.28773396005364
95,47,0,"5","2",1,1.55128503023387,4.59454386097473
96,47,NA,"6","3",1,1.55128503023387,4.59454386097473
97,47,NA,"7","4",0,1.62451868023659,4.28773396005364
98,47,NA,"1","5",0,1.62451868023659,4.28773396005364
99,47,NA,"2","6",0,1.62451868023659,4.28773396005364
100,47,NA,"3","7",0,1.62451868023659,4.28773396005364
101,47,NA,"4","1",0,1.62451868023659,4.28773396005364
102,47,NA,"5","2",1,1.55128503023387,4.59454386097473
103,47,NA,"6","3",1,1.55128503023387,4.59454386097473
104,47,NA,"7","4",0,1.62451868023659,4.28773396005364
105,47,NA,"1","5",0,1.62451868023659,4.28773396005364
106,47,NA,"2","6",0,1.62451868023659,4.28773396005364
107,47,NA,"3","7",0,1.62451868023659,4.28773396005364
108,47,NA,"4","1",0,1.62451868023659,4.28773396005364
109,47,NA,"5","2",1,1.55128503023387,4.59454386097473
110,47,NA,"6","3",1,1.55128503023387,4.59454386097473
111,47,NA,"7","4",0,1.62451868023659,4.28773396005364
112,47,NA,"1","5",0,1.62451868023659,4.28773396005364
113,47,NA,"2","6",0,1.62451868023659,4.28773396005364
114,47,NA,"3","7",0,1.62451868023659,4.28773396005364
115,47,NA,"4","1",0,1.62451868023659,4.28773396005364
116,47,NA,"5","2",1,1.55128503023387,4.59454386097473
117,47,NA,"6","3",1,1.55128503023387,4.59454386097473
118,47,NA,"7","4",0,1.62451868023659,4.28773396005364
119,47,NA,"1","5",0,1.62451868023659,4.28773396005364
120,47,NA,"2","6",0,1.62451868023659,4.28773396005364
121,47,NA,"3","7",0,1.62451868023659,4.28773396005364
122,47,NA,"4","1",0,1.62451868023659,4.28773396005364
123,47,NA,"5","2",1,1.55128503023387,4.59454386097473
124,47,NA,"6","3",1,1.55128503023387,4.59454386097473
125,47,NA,"7","4",0,1.62451868023659,4.28773396005364
126,47,NA,"1","5",0,1.62451868023659,4.28773396005364
127,47,NA,"2","6",0,1.62451868023659,4.28773396005364
128,47,NA,"3","7",0,1.62451868023659,4.28773396005364
129,47,NA,"4","1",0,1.62451868023659,4.28773396005364
130,47,NA,"5","2",1,1.55128503023387,4.59454386097473
131,47,NA,"6","3",1,1.55128503023387,4.59454386097473
132,47,NA,"7","4",0,1.62451868023659,4.28773396005364
133,47,NA,"1","5",0,1.62451868023659,4.28773396005364
134,47,NA,"2","6",0,1.62451868023659,4.28773396005364
135,47,NA,"3","7",0,1.62451868023659,4.28773396005364
136,47,NA,"4","1",0,1.62451868023659,4.28773396005364
137,47,NA,"5","2",1,1.55128503023387,4.59454386097473
138,47,NA,"6","3",1,1.55128503023387,4.59454386097473
139,47,NA,"7","4",0,1.62451868023659,4.28773396005364
140,47,NA,"1","5",0,1.62451868023659,4.28773396005364
141,47,NA,"2","6",0,1.62451868023659,4.28773396005364
81,48,0,"5","3",1,1.55128503023387,4.59454386097473
82,48,0,"6","4",1,1.55128503023387,4.59454386097473
83,48,0,"7","5",0,1.62451868023659,4.28773396005364
84,48,0,"1","6",0,1.62451868023659,4.28773396005364
85,48,0,"2","7",0,1.62451868023659,4.28773396005364
86,48,0,"3","1",0,1.62451868023659,4.28773396005364
87,48,0,"4","2",0,1.62451868023659,4.28773396005364
88,48,0,"5","3",1,1.55128503023387,4.59454386097473
89,48,0,"6","4",1,1.55128503023387,4.59454386097473
90,48,0,"7","5",0,1.62451868023659,4.28773396005364
91,48,0,"1","6",0,1.62451868023659,4.28773396005364
92,48,0,"2","7",0,1.62451868023659,4.28773396005364
93,48,0,"3","1",0,1.62451868023659,4.28773396005364
94,48,0,"4","2",0,1.62451868023659,4.28773396005364
95,48,NA,"5","3",1,1.55128503023387,4.59454386097473
96,48,NA,"6","4",1,1.55128503023387,4.59454386097473
97,48,NA,"7","5",0,1.62451868023659,4.28773396005364
98,48,NA,"1","6",0,1.62451868023659,4.28773396005364
99,48,NA,"2","7",0,1.62451868023659,4.28773396005364
100,48,NA,"3","1",0,1.62451868023659,4.28773396005364
101,48,NA,"4","2",0,1.62451868023659,4.28773396005364
102,48,NA,"5","3",1,1.55128503023387,4.59454386097473
103,48,NA,"6","4",1,1.55128503023387,4.59454386097473
104,48,NA,"7","5",0,1.62451868023659,4.28773396005364
105,48,NA,"1","6",0,1.62451868023659,4.28773396005364
106,48,NA,"2","7",0,1.62451868023659,4.28773396005364
107,48,NA,"3","1",0,1.62451868023659,4.28773396005364
108,48,NA,"4","2",0,1.62451868023659,4.28773396005364
109,48,NA,"5","3",1,1.55128503023387,4.59454386097473
110,48,NA,"6","4",1,1.55128503023387,4.59454386097473
111,48,NA,"7","5",0,1.62451868023659,4.28773396005364
112,48,NA,"1","6",0,1.62451868023659,4.28773396005364
113,48,NA,"2","7",0,1.62451868023659,4.28773396005364
114,48,NA,"3","1",0,1.62451868023659,4.28773396005364
115,48,NA,"4","2",0,1.62451868023659,4.28773396005364
116,48,NA,"5","3",1,1.55128503023387,4.59454386097473
117,48,NA,"6","4",1,1.55128503023387,4.59454386097473
118,48,NA,"7","5",0,1.62451868023659,4.28773396005364
119,48,NA,"1","6",0,1.62451868023659,4.28773396005364
120,48,NA,"2","7",0,1.62451868023659,4.28773396005364
121,48,NA,"3","1",0,1.62451868023659,4.28773396005364
122,48,NA,"4","2",0,1.62451868023659,4.28773396005364
123,48,NA,"5","3",1,1.55128503023387,4.59454386097473
124,48,NA,"6","4",1,1.55128503023387,4.59454386097473
125,48,NA,"7","5",0,1.62451868023659,4.28773396005364
126,48,NA,"1","6",0,1.62451868023659,4.28773396005364
127,48,NA,"2","7",0,1.62451868023659,4.28773396005364
128,48,NA,"3","1",0,1.62451868023659,4.28773396005364
129,48,NA,"4","2",0,1.62451868023659,4.28773396005364
130,48,NA,"5","3",1,1.55128503023387,4.59454386097473
131,48,NA,"6","4",1,1.55128503023387,4.59454386097473
132,48,NA,"7","5",0,1.62451868023659,4.28773396005364
133,48,NA,"1","6",0,1.62451868023659,4.28773396005364
134,48,NA,"2","7",0,1.62451868023659,4.28773396005364
135,48,NA,"3","1",0,1.62451868023659,4.28773396005364
136,48,NA,"4","2",0,1.62451868023659,4.28773396005364
137,48,NA,"5","3",1,1.55128503023387,4.59454386097473
138,48,NA,"6","4",1,1.55128503023387,4.59454386097473
139,48,NA,"7","5",0,1.62451868023659,4.28773396005364
140,48,NA,"1","6",0,1.62451868023659,4.28773396005364
141,48,NA,"2","7",0,1.62451868023659,4.28773396005364
81,49,0,"5","4",1,1.55128503023387,4.59454386097473
82,49,0,"6","5",1,1.55128503023387,4.59454386097473
83,49,0,"7","6",0,1.62451868023659,4.28773396005364
84,49,0,"1","7",0,1.62451868023659,4.28773396005364
85,49,0,"2","1",0,1.62451868023659,4.28773396005364
86,49,0,"3","2",0,1.62451868023659,4.28773396005364
87,49,0,"4","3",0,1.62451868023659,4.28773396005364
88,49,0,"5","4",1,1.55128503023387,4.59454386097473
89,49,0,"6","5",1,1.55128503023387,4.59454386097473
90,49,0,"7","6",0,1.62451868023659,4.28773396005364
91,49,0,"1","7",0,1.62451868023659,4.28773396005364
92,49,0,"2","1",0,1.62451868023659,4.28773396005364
93,49,0,"3","2",0,1.62451868023659,4.28773396005364
94,49,NA,"4","3",0,1.62451868023659,4.28773396005364
95,49,NA,"5","4",1,1.55128503023387,4.59454386097473
96,49,NA,"6","5",1,1.55128503023387,4.59454386097473
97,49,NA,"7","6",0,1.62451868023659,4.28773396005364
98,49,NA,"1","7",0,1.62451868023659,4.28773396005364
99,49,NA,"2","1",0,1.62451868023659,4.28773396005364
100,49,NA,"3","2",0,1.62451868023659,4.28773396005364
101,49,NA,"4","3",0,1.62451868023659,4.28773396005364
102,49,NA,"5","4",1,1.55128503023387,4.59454386097473
103,49,NA,"6","5",1,1.55128503023387,4.59454386097473
104,49,NA,"7","6",0,1.62451868023659,4.28773396005364
105,49,NA,"1","7",0,1.62451868023659,4.28773396005364
106,49,NA,"2","1",0,1.62451868023659,4.28773396005364
107,49,NA,"3","2",0,1.62451868023659,4.28773396005364
108,49,NA,"4","3",0,1.62451868023659,4.28773396005364
109,49,NA,"5","4",1,1.55128503023387,4.59454386097473
110,49,NA,"6","5",1,1.55128503023387,4.59454386097473
111,49,NA,"7","6",0,1.62451868023659,4.28773396005364
112,49,NA,"1","7",0,1.62451868023659,4.28773396005364
113,49,NA,"2","1",0,1.62451868023659,4.28773396005364
114,49,NA,"3","2",0,1.62451868023659,4.28773396005364
115,49,NA,"4","3",0,1.62451868023659,4.28773396005364
116,49,NA,"5","4",1,1.55128503023387,4.59454386097473
117,49,NA,"6","5",1,1.55128503023387,4.59454386097473
118,49,NA,"7","6",0,1.62451868023659,4.28773396005364
119,49,NA,"1","7",0,1.62451868023659,4.28773396005364
120,49,NA,"2","1",0,1.62451868023659,4.28773396005364
121,49,NA,"3","2",0,1.62451868023659,4.28773396005364
122,49,NA,"4","3",0,1.62451868023659,4.28773396005364
123,49,NA,"5","4",1,1.55128503023387,4.59454386097473
124,49,NA,"6","5",1,1.55128503023387,4.59454386097473
125,49,NA,"7","6",0,1.62451868023659,4.28773396005364
126,49,NA,"1","7",0,1.62451868023659,4.28773396005364
127,49,NA,"2","1",0,1.62451868023659,4.28773396005364
128,49,NA,"3","2",0,1.62451868023659,4.28773396005364
129,49,NA,"4","3",0,1.62451868023659,4.28773396005364
130,49,NA,"5","4",1,1.55128503023387,4.59454386097473
131,49,NA,"6","5",1,1.55128503023387,4.59454386097473
132,49,NA,"7","6",0,1.62451868023659,4.28773396005364
133,49,NA,"1","7",0,1.62451868023659,4.28773396005364
134,49,NA,"2","1",0,1.62451868023659,4.28773396005364
135,49,NA,"3","2",0,1.62451868023659,4.28773396005364
136,49,NA,"4","3",0,1.62451868023659,4.28773396005364
137,49,NA,"5","4",1,1.55128503023387,4.59454386097473
138,49,NA,"6","5",1,1.55128503023387,4.59454386097473
139,49,NA,"7","6",0,1.62451868023659,4.28773396005364
140,49,NA,"1","7",0,1.62451868023659,4.28773396005364
141,49,NA,"2","1",0,1.62451868023659,4.28773396005364
81,50,0,"5","5",1,1.55128503023387,4.59454386097473
82,50,0,"6","6",1,1.55128503023387,4.59454386097473
83,50,0,"7","7",0,1.62451868023659,4.28773396005364
84,50,0,"1","1",0,1.62451868023659,4.28773396005364
85,50,0,"2","2",0,1.62451868023659,4.28773396005364
86,50,0,"3","3",0,1.62451868023659,4.28773396005364
87,50,0,"4","4",0,1.62451868023659,4.28773396005364
88,50,0,"5","5",1,1.55128503023387,4.59454386097473
89,50,0,"6","6",1,1.55128503023387,4.59454386097473
90,50,0,"7","7",0,1.62451868023659,4.28773396005364
91,50,0,"1","1",0,1.62451868023659,4.28773396005364
92,50,0,"2","2",0,1.62451868023659,4.28773396005364
93,50,NA,"3","3",0,1.62451868023659,4.28773396005364
94,50,NA,"4","4",0,1.62451868023659,4.28773396005364
95,50,NA,"5","5",1,1.55128503023387,4.59454386097473
96,50,NA,"6","6",1,1.55128503023387,4.59454386097473
97,50,NA,"7","7",0,1.62451868023659,4.28773396005364
98,50,NA,"1","1",0,1.62451868023659,4.28773396005364
99,50,NA,"2","2",0,1.62451868023659,4.28773396005364
100,50,NA,"3","3",0,1.62451868023659,4.28773396005364
101,50,NA,"4","4",0,1.62451868023659,4.28773396005364
102,50,NA,"5","5",1,1.55128503023387,4.59454386097473
103,50,NA,"6","6",1,1.55128503023387,4.59454386097473
104,50,NA,"7","7",0,1.62451868023659,4.28773396005364
105,50,NA,"1","1",0,1.62451868023659,4.28773396005364
106,50,NA,"2","2",0,1.62451868023659,4.28773396005364
107,50,NA,"3","3",0,1.62451868023659,4.28773396005364
108,50,NA,"4","4",0,1.62451868023659,4.28773396005364
109,50,NA,"5","5",1,1.55128503023387,4.59454386097473
110,50,NA,"6","6",1,1.55128503023387,4.59454386097473
111,50,NA,"7","7",0,1.62451868023659,4.28773396005364
112,50,NA,"1","1",0,1.62451868023659,4.28773396005364
113,50,NA,"2","2",0,1.62451868023659,4.28773396005364
114,50,NA,"3","3",0,1.62451868023659,4.28773396005364
115,50,NA,"4","4",0,1.62451868023659,4.28773396005364
116,50,NA,"5","5",1,1.55128503023387,4.59454386097473
117,50,NA,"6","6",1,1.55128503023387,4.59454386097473
118,50,NA,"7","7",0,1.62451868023659,4.28773396005364
119,50,NA,"1","1",0,1.62451868023659,4.28773396005364
120,50,NA,"2","2",0,1.62451868023659,4.28773396005364
121,50,NA,"3","3",0,1.62451868023659,4.28773396005364
122,50,NA,"4","4",0,1.62451868023659,4.28773396005364
123,50,NA,"5","5",1,1.55128503023387,4.59454386097473
124,50,NA,"6","6",1,1.55128503023387,4.59454386097473
125,50,NA,"7","7",0,1.62451868023659,4.28773396005364
126,50,NA,"1","1",0,1.62451868023659,4.28773396005364
127,50,NA,"2","2",0,1.62451868023659,4.28773396005364
128,50,NA,"3","3",0,1.62451868023659,4.28773396005364
129,50,NA,"4","4",0,1.62451868023659,4.28773396005364
130,50,NA,"5","5",1,1.55128503023387,4.59454386097473
131,50,NA,"6","6",1,1.55128503023387,4.59454386097473
132,50,NA,"7","7",0,1.62451868023659,4.28773396005364
133,50,NA,"1","1",0,1.62451868023659,4.28773396005364
134,50,NA,"2","2",0,1.62451868023659,4.28773396005364
135,50,NA,"3","3",0,1.62451868023659,4.28773396005364
136,50,NA,"4","4",0,1.62451868023659,4.28773396005364
137,50,NA,"5","5",1,1.55128503023387,4.59454386097473
138,50,NA,"6","6",1,1.55128503023387,4.59454386097473
139,50,NA,"7","7",0,1.62451868023659,4.28773396005364
140,50,NA,"1","1",0,1.62451868023659,4.28773396005364
141,50,NA,"2","2",0,1.62451868023659,4.28773396005364
81,51,0,"5","6",1,1.55128503023387,4.59454386097473
82,51,0,"6","7",1,1.55128503023387,4.59454386097473
83,51,0,"7","1",0,1.62451868023659,4.28773396005364
84,51,0,"1","2",0,1.62451868023659,4.28773396005364
85,51,0,"2","3",0,1.62451868023659,4.28773396005364
86,51,0,"3","4",0,1.62451868023659,4.28773396005364
87,51,0,"4","5",0,1.62451868023659,4.28773396005364
88,51,0,"5","6",1,1.55128503023387,4.59454386097473
89,51,0,"6","7",1,1.55128503023387,4.59454386097473
90,51,0,"7","1",0,1.62451868023659,4.28773396005364
91,51,0,"1","2",0,1.62451868023659,4.28773396005364
92,51,NA,"2","3",0,1.62451868023659,4.28773396005364
93,51,NA,"3","4",0,1.62451868023659,4.28773396005364
94,51,NA,"4","5",0,1.62451868023659,4.28773396005364
95,51,NA,"5","6",1,1.55128503023387,4.59454386097473
96,51,NA,"6","7",1,1.55128503023387,4.59454386097473
97,51,NA,"7","1",0,1.62451868023659,4.28773396005364
98,51,NA,"1","2",0,1.62451868023659,4.28773396005364
99,51,NA,"2","3",0,1.62451868023659,4.28773396005364
100,51,NA,"3","4",0,1.62451868023659,4.28773396005364
101,51,NA,"4","5",0,1.62451868023659,4.28773396005364
102,51,NA,"5","6",1,1.55128503023387,4.59454386097473
103,51,NA,"6","7",1,1.55128503023387,4.59454386097473
104,51,NA,"7","1",0,1.62451868023659,4.28773396005364
105,51,NA,"1","2",0,1.62451868023659,4.28773396005364
106,51,NA,"2","3",0,1.62451868023659,4.28773396005364
107,51,NA,"3","4",0,1.62451868023659,4.28773396005364
108,51,NA,"4","5",0,1.62451868023659,4.28773396005364
109,51,NA,"5","6",1,1.55128503023387,4.59454386097473
110,51,NA,"6","7",1,1.55128503023387,4.59454386097473
111,51,NA,"7","1",0,1.62451868023659,4.28773396005364
112,51,NA,"1","2",0,1.62451868023659,4.28773396005364
113,51,NA,"2","3",0,1.62451868023659,4.28773396005364
114,51,NA,"3","4",0,1.62451868023659,4.28773396005364
115,51,NA,"4","5",0,1.62451868023659,4.28773396005364
116,51,NA,"5","6",1,1.55128503023387,4.59454386097473
117,51,NA,"6","7",1,1.55128503023387,4.59454386097473
118,51,NA,"7","1",0,1.62451868023659,4.28773396005364
119,51,NA,"1","2",0,1.62451868023659,4.28773396005364
120,51,NA,"2","3",0,1.62451868023659,4.28773396005364
121,51,NA,"3","4",0,1.62451868023659,4.28773396005364
122,51,NA,"4","5",0,1.62451868023659,4.28773396005364
123,51,NA,"5","6",1,1.55128503023387,4.59454386097473
124,51,NA,"6","7",1,1.55128503023387,4.59454386097473
125,51,NA,"7","1",0,1.62451868023659,4.28773396005364
126,51,NA,"1","2",0,1.62451868023659,4.28773396005364
127,51,NA,"2","3",0,1.62451868023659,4.28773396005364
128,51,NA,"3","4",0,1.62451868023659,4.28773396005364
129,51,NA,"4","5",0,1.62451868023659,4.28773396005364
130,51,NA,"5","6",1,1.55128503023387,4.59454386097473
131,51,NA,"6","7",1,1.55128503023387,4.59454386097473
132,51,NA,"7","1",0,1.62451868023659,4.28773396005364
133,51,NA,"1","2",0,1.62451868023659,4.28773396005364
134,51,NA,"2","3",0,1.62451868023659,4.28773396005364
135,51,NA,"3","4",0,1.62451868023659,4.28773396005364
136,51,NA,"4","5",0,1.62451868023659,4.28773396005364
137,51,NA,"5","6",1,1.55128503023387,4.59454386097473
138,51,NA,"6","7",1,1.55128503023387,4.59454386097473
139,51,NA,"7","1",0,1.62451868023659,4.28773396005364
140,51,NA,"1","2",0,1.62451868023659,4.28773396005364
141,51,NA,"2","3",0,1.62451868023659,4.28773396005364
81,52,0,"5","7",1,1.55128503023387,4.59454386097473
82,52,0,"6","1",1,1.55128503023387,4.59454386097473
83,52,0,"7","2",0,1.62451868023659,4.28773396005364
84,52,0,"1","3",0,1.62451868023659,4.28773396005364
85,52,0,"2","4",0,1.62451868023659,4.28773396005364
86,52,0,"3","5",0,1.62451868023659,4.28773396005364
87,52,0,"4","6",0,1.62451868023659,4.28773396005364
88,52,0,"5","7",1,1.55128503023387,4.59454386097473
89,52,0,"6","1",1,1.55128503023387,4.59454386097473
90,52,0,"7","2",0,1.62451868023659,4.28773396005364
91,52,NA,"1","3",0,1.62451868023659,4.28773396005364
92,52,NA,"2","4",0,1.62451868023659,4.28773396005364
93,52,NA,"3","5",0,1.62451868023659,4.28773396005364
94,52,NA,"4","6",0,1.62451868023659,4.28773396005364
95,52,NA,"5","7",1,1.55128503023387,4.59454386097473
96,52,NA,"6","1",1,1.55128503023387,4.59454386097473
97,52,NA,"7","2",0,1.62451868023659,4.28773396005364
98,52,NA,"1","3",0,1.62451868023659,4.28773396005364
99,52,NA,"2","4",0,1.62451868023659,4.28773396005364
100,52,NA,"3","5",0,1.62451868023659,4.28773396005364
101,52,NA,"4","6",0,1.62451868023659,4.28773396005364
102,52,NA,"5","7",1,1.55128503023387,4.59454386097473
103,52,NA,"6","1",1,1.55128503023387,4.59454386097473
104,52,NA,"7","2",0,1.62451868023659,4.28773396005364
105,52,NA,"1","3",0,1.62451868023659,4.28773396005364
106,52,NA,"2","4",0,1.62451868023659,4.28773396005364
107,52,NA,"3","5",0,1.62451868023659,4.28773396005364
108,52,NA,"4","6",0,1.62451868023659,4.28773396005364
109,52,NA,"5","7",1,1.55128503023387,4.59454386097473
110,52,NA,"6","1",1,1.55128503023387,4.59454386097473
111,52,NA,"7","2",0,1.62451868023659,4.28773396005364
112,52,NA,"1","3",0,1.62451868023659,4.28773396005364
113,52,NA,"2","4",0,1.62451868023659,4.28773396005364
114,52,NA,"3","5",0,1.62451868023659,4.28773396005364
115,52,NA,"4","6",0,1.62451868023659,4.28773396005364
116,52,NA,"5","7",1,1.55128503023387,4.59454386097473
117,52,NA,"6","1",1,1.55128503023387,4.59454386097473
118,52,NA,"7","2",0,1.62451868023659,4.28773396005364
119,52,NA,"1","3",0,1.62451868023659,4.28773396005364
120,52,NA,"2","4",0,1.62451868023659,4.28773396005364
121,52,NA,"3","5",0,1.62451868023659,4.28773396005364
122,52,NA,"4","6",0,1.62451868023659,4.28773396005364
123,52,NA,"5","7",1,1.55128503023387,4.59454386097473
124,52,NA,"6","1",1,1.55128503023387,4.59454386097473
125,52,NA,"7","2",0,1.62451868023659,4.28773396005364
126,52,NA,"1","3",0,1.62451868023659,4.28773396005364
127,52,NA,"2","4",0,1.62451868023659,4.28773396005364
128,52,NA,"3","5",0,1.62451868023659,4.28773396005364
129,52,NA,"4","6",0,1.62451868023659,4.28773396005364
130,52,NA,"5","7",1,1.55128503023387,4.59454386097473
131,52,NA,"6","1",1,1.55128503023387,4.59454386097473
132,52,NA,"7","2",0,1.62451868023659,4.28773396005364
133,52,NA,"1","3",0,1.62451868023659,4.28773396005364
134,52,NA,"2","4",0,1.62451868023659,4.28773396005364
135,52,NA,"3","5",0,1.62451868023659,4.28773396005364
136,52,NA,"4","6",0,1.62451868023659,4.28773396005364
137,52,NA,"5","7",1,1.55128503023387,4.59454386097473
138,52,NA,"6","1",1,1.55128503023387,4.59454386097473
139,52,NA,"7","2",0,1.62451868023659,4.28773396005364
140,52,NA,"1","3",0,1.62451868023659,4.28773396005364
141,52,NA,"2","4",0,1.62451868023659,4.28773396005364
81,53,0,"5","1",1,1.55128503023387,4.59454386097473
82,53,0,"6","2",1,1.55128503023387,4.59454386097473
83,53,0,"7","3",0,1.62451868023659,4.28773396005364
84,53,0,"1","4",0,1.62451868023659,4.28773396005364
85,53,0,"2","5",0,1.62451868023659,4.28773396005364
86,53,0,"3","6",0,1.62451868023659,4.28773396005364
87,53,0,"4","7",0,1.62451868023659,4.28773396005364
88,53,0,"5","1",1,1.55128503023387,4.59454386097473
89,53,0,"6","2",1,1.55128503023387,4.59454386097473
90,53,NA,"7","3",0,1.62451868023659,4.28773396005364
91,53,NA,"1","4",0,1.62451868023659,4.28773396005364
92,53,NA,"2","5",0,1.62451868023659,4.28773396005364
93,53,NA,"3","6",0,1.62451868023659,4.28773396005364
94,53,NA,"4","7",0,1.62451868023659,4.28773396005364
95,53,NA,"5","1",1,1.55128503023387,4.59454386097473
96,53,NA,"6","2",1,1.55128503023387,4.59454386097473
97,53,NA,"7","3",0,1.62451868023659,4.28773396005364
98,53,NA,"1","4",0,1.62451868023659,4.28773396005364
99,53,NA,"2","5",0,1.62451868023659,4.28773396005364
100,53,NA,"3","6",0,1.62451868023659,4.28773396005364
101,53,NA,"4","7",0,1.62451868023659,4.28773396005364
102,53,NA,"5","1",1,1.55128503023387,4.59454386097473
103,53,NA,"6","2",1,1.55128503023387,4.59454386097473
104,53,NA,"7","3",0,1.62451868023659,4.28773396005364
105,53,NA,"1","4",0,1.62451868023659,4.28773396005364
106,53,NA,"2","5",0,1.62451868023659,4.28773396005364
107,53,NA,"3","6",0,1.62451868023659,4.28773396005364
108,53,NA,"4","7",0,1.62451868023659,4.28773396005364
109,53,NA,"5","1",1,1.55128503023387,4.59454386097473
110,53,NA,"6","2",1,1.55128503023387,4.59454386097473
111,53,NA,"7","3",0,1.62451868023659,4.28773396005364
112,53,NA,"1","4",0,1.62451868023659,4.28773396005364
113,53,NA,"2","5",0,1.62451868023659,4.28773396005364
114,53,NA,"3","6",0,1.62451868023659,4.28773396005364
115,53,NA,"4","7",0,1.62451868023659,4.28773396005364
116,53,NA,"5","1",1,1.55128503023387,4.59454386097473
117,53,NA,"6","2",1,1.55128503023387,4.59454386097473
118,53,NA,"7","3",0,1.62451868023659,4.28773396005364
119,53,NA,"1","4",0,1.62451868023659,4.28773396005364
120,53,NA,"2","5",0,1.62451868023659,4.28773396005364
121,53,NA,"3","6",0,1.62451868023659,4.28773396005364
122,53,NA,"4","7",0,1.62451868023659,4.28773396005364
123,53,NA,"5","1",1,1.55128503023387,4.59454386097473
124,53,NA,"6","2",1,1.55128503023387,4.59454386097473
125,53,NA,"7","3",0,1.62451868023659,4.28773396005364
126,53,NA,"1","4",0,1.62451868023659,4.28773396005364
127,53,NA,"2","5",0,1.62451868023659,4.28773396005364
128,53,NA,"3","6",0,1.62451868023659,4.28773396005364
129,53,NA,"4","7",0,1.62451868023659,4.28773396005364
130,53,NA,"5","1",1,1.55128503023387,4.59454386097473
131,53,NA,"6","2",1,1.55128503023387,4.59454386097473
132,53,NA,"7","3",0,1.62451868023659,4.28773396005364
133,53,NA,"1","4",0,1.62451868023659,4.28773396005364
134,53,NA,"2","5",0,1.62451868023659,4.28773396005364
135,53,NA,"3","6",0,1.62451868023659,4.28773396005364
136,53,NA,"4","7",0,1.62451868023659,4.28773396005364
137,53,NA,"5","1",1,1.55128503023387,4.59454386097473
138,53,NA,"6","2",1,1.55128503023387,4.59454386097473
139,53,NA,"7","3",0,1.62451868023659,4.28773396005364
140,53,NA,"1","4",0,1.62451868023659,4.28773396005364
141,53,NA,"2","5",0,1.62451868023659,4.28773396005364
81,54,0,"5","2",1,1.55128503023387,4.59454386097473
82,54,0,"6","3",1,1.55128503023387,4.59454386097473
83,54,0,"7","4",0,1.62451868023659,4.28773396005364
84,54,0,"1","5",0,1.62451868023659,4.28773396005364
85,54,0,"2","6",0,1.62451868023659,4.28773396005364
86,54,0,"3","7",0,1.62451868023659,4.28773396005364
87,54,0,"4","1",0,1.62451868023659,4.28773396005364
88,54,0,"5","2",1,1.55128503023387,4.59454386097473
89,54,NA,"6","3",1,1.55128503023387,4.59454386097473
90,54,NA,"7","4",0,1.62451868023659,4.28773396005364
91,54,NA,"1","5",0,1.62451868023659,4.28773396005364
92,54,NA,"2","6",0,1.62451868023659,4.28773396005364
93,54,NA,"3","7",0,1.62451868023659,4.28773396005364
94,54,NA,"4","1",0,1.62451868023659,4.28773396005364
95,54,NA,"5","2",1,1.55128503023387,4.59454386097473
96,54,NA,"6","3",1,1.55128503023387,4.59454386097473
97,54,NA,"7","4",0,1.62451868023659,4.28773396005364
98,54,NA,"1","5",0,1.62451868023659,4.28773396005364
99,54,NA,"2","6",0,1.62451868023659,4.28773396005364
100,54,NA,"3","7",0,1.62451868023659,4.28773396005364
101,54,NA,"4","1",0,1.62451868023659,4.28773396005364
102,54,NA,"5","2",1,1.55128503023387,4.59454386097473
103,54,NA,"6","3",1,1.55128503023387,4.59454386097473
104,54,NA,"7","4",0,1.62451868023659,4.28773396005364
105,54,NA,"1","5",0,1.62451868023659,4.28773396005364
106,54,NA,"2","6",0,1.62451868023659,4.28773396005364
107,54,NA,"3","7",0,1.62451868023659,4.28773396005364
108,54,NA,"4","1",0,1.62451868023659,4.28773396005364
109,54,NA,"5","2",1,1.55128503023387,4.59454386097473
110,54,NA,"6","3",1,1.55128503023387,4.59454386097473
111,54,NA,"7","4",0,1.62451868023659,4.28773396005364
112,54,NA,"1","5",0,1.62451868023659,4.28773396005364
113,54,NA,"2","6",0,1.62451868023659,4.28773396005364
114,54,NA,"3","7",0,1.62451868023659,4.28773396005364
115,54,NA,"4","1",0,1.62451868023659,4.28773396005364
116,54,NA,"5","2",1,1.55128503023387,4.59454386097473
117,54,NA,"6","3",1,1.55128503023387,4.59454386097473
118,54,NA,"7","4",0,1.62451868023659,4.28773396005364
119,54,NA,"1","5",0,1.62451868023659,4.28773396005364
120,54,NA,"2","6",0,1.62451868023659,4.28773396005364
121,54,NA,"3","7",0,1.62451868023659,4.28773396005364
122,54,NA,"4","1",0,1.62451868023659,4.28773396005364
123,54,NA,"5","2",1,1.55128503023387,4.59454386097473
124,54,NA,"6","3",1,1.55128503023387,4.59454386097473
125,54,NA,"7","4",0,1.62451868023659,4.28773396005364
126,54,NA,"1","5",0,1.62451868023659,4.28773396005364
127,54,NA,"2","6",0,1.62451868023659,4.28773396005364
128,54,NA,"3","7",0,1.62451868023659,4.28773396005364
129,54,NA,"4","1",0,1.62451868023659,4.28773396005364
130,54,NA,"5","2",1,1.55128503023387,4.59454386097473
131,54,NA,"6","3",1,1.55128503023387,4.59454386097473
132,54,NA,"7","4",0,1.62451868023659,4.28773396005364
133,54,NA,"1","5",0,1.62451868023659,4.28773396005364
134,54,NA,"2","6",0,1.62451868023659,4.28773396005364
135,54,NA,"3","7",0,1.62451868023659,4.28773396005364
136,54,NA,"4","1",0,1.62451868023659,4.28773396005364
137,54,NA,"5","2",1,1.55128503023387,4.59454386097473
138,54,NA,"6","3",1,1.55128503023387,4.59454386097473
139,54,NA,"7","4",0,1.62451868023659,4.28773396005364
140,54,NA,"1","5",0,1.62451868023659,4.28773396005364
141,54,NA,"2","6",0,1.62451868023659,4.28773396005364
81,55,0,"5","3",1,1.55128503023387,4.59454386097473
82,55,0,"6","4",1,1.55128503023387,4.59454386097473
83,55,0,"7","5",0,1.62451868023659,4.28773396005364
84,55,0,"1","6",0,1.62451868023659,4.28773396005364
85,55,0,"2","7",0,1.62451868023659,4.28773396005364
86,55,0,"3","1",0,1.62451868023659,4.28773396005364
87,55,0,"4","2",0,1.62451868023659,4.28773396005364
88,55,NA,"5","3",1,1.55128503023387,4.59454386097473
89,55,NA,"6","4",1,1.55128503023387,4.59454386097473
90,55,NA,"7","5",0,1.62451868023659,4.28773396005364
91,55,NA,"1","6",0,1.62451868023659,4.28773396005364
92,55,NA,"2","7",0,1.62451868023659,4.28773396005364
93,55,NA,"3","1",0,1.62451868023659,4.28773396005364
94,55,NA,"4","2",0,1.62451868023659,4.28773396005364
95,55,NA,"5","3",1,1.55128503023387,4.59454386097473
96,55,NA,"6","4",1,1.55128503023387,4.59454386097473
97,55,NA,"7","5",0,1.62451868023659,4.28773396005364
98,55,NA,"1","6",0,1.62451868023659,4.28773396005364
99,55,NA,"2","7",0,1.62451868023659,4.28773396005364
100,55,NA,"3","1",0,1.62451868023659,4.28773396005364
101,55,NA,"4","2",0,1.62451868023659,4.28773396005364
102,55,NA,"5","3",1,1.55128503023387,4.59454386097473
103,55,NA,"6","4",1,1.55128503023387,4.59454386097473
104,55,NA,"7","5",0,1.62451868023659,4.28773396005364
105,55,NA,"1","6",0,1.62451868023659,4.28773396005364
106,55,NA,"2","7",0,1.62451868023659,4.28773396005364
107,55,NA,"3","1",0,1.62451868023659,4.28773396005364
108,55,NA,"4","2",0,1.62451868023659,4.28773396005364
109,55,NA,"5","3",1,1.55128503023387,4.59454386097473
110,55,NA,"6","4",1,1.55128503023387,4.59454386097473
111,55,NA,"7","5",0,1.62451868023659,4.28773396005364
112,55,NA,"1","6",0,1.62451868023659,4.28773396005364
113,55,NA,"2","7",0,1.62451868023659,4.28773396005364
114,55,NA,"3","1",0,1.62451868023659,4.28773396005364
115,55,NA,"4","2",0,1.62451868023659,4.28773396005364
116,55,NA,"5","3",1,1.55128503023387,4.59454386097473
117,55,NA,"6","4",1,1.55128503023387,4.59454386097473
118,55,NA,"7","5",0,1.62451868023659,4.28773396005364
119,55,NA,"1","6",0,1.62451868023659,4.28773396005364
120,55,NA,"2","7",0,1.62451868023659,4.28773396005364
121,55,NA,"3","1",0,1.62451868023659,4.28773396005364
122,55,NA,"4","2",0,1.62451868023659,4.28773396005364
123,55,NA,"5","3",1,1.55128503023387,4.59454386097473
124,55,NA,"6","4",1,1.55128503023387,4.59454386097473
125,55,NA,"7","5",0,1.62451868023659,4.28773396005364
126,55,NA,"1","6",0,1.62451868023659,4.28773396005364
127,55,NA,"2","7",0,1.62451868023659,4.28773396005364
128,55,NA,"3","1",0,1.62451868023659,4.28773396005364
129,55,NA,"4","2",0,1.62451868023659,4.28773396005364
130,55,NA,"5","3",1,1.55128503023387,4.59454386097473
131,55,NA,"6","4",1,1.55128503023387,4.59454386097473
132,55,NA,"7","5",0,1.62451868023659,4.28773396005364
133,55,NA,"1","6",0,1.62451868023659,4.28773396005364
134,55,NA,"2","7",0,1.62451868023659,4.28773396005364
135,55,NA,"3","1",0,1.62451868023659,4.28773396005364
136,55,NA,"4","2",0,1.62451868023659,4.28773396005364
137,55,NA,"5","3",1,1.55128503023387,4.59454386097473
138,55,NA,"6","4",1,1.55128503023387,4.59454386097473
139,55,NA,"7","5",0,1.62451868023659,4.28773396005364
140,55,NA,"1","6",0,1.62451868023659,4.28773396005364
141,55,NA,"2","7",0,1.62451868023659,4.28773396005364
81,56,0,"5","4",1,1.55128503023387,4.59454386097473
82,56,0,"6","5",1,1.55128503023387,4.59454386097473
83,56,0,"7","6",0,1.62451868023659,4.28773396005364
84,56,0,"1","7",0,1.62451868023659,4.28773396005364
85,56,0,"2","1",0,1.62451868023659,4.28773396005364
86,56,0,"3","2",0,1.62451868023659,4.28773396005364
87,56,NA,"4","3",0,1.62451868023659,4.28773396005364
88,56,NA,"5","4",1,1.55128503023387,4.59454386097473
89,56,NA,"6","5",1,1.55128503023387,4.59454386097473
90,56,NA,"7","6",0,1.62451868023659,4.28773396005364
91,56,NA,"1","7",0,1.62451868023659,4.28773396005364
92,56,NA,"2","1",0,1.62451868023659,4.28773396005364
93,56,NA,"3","2",0,1.62451868023659,4.28773396005364
94,56,NA,"4","3",0,1.62451868023659,4.28773396005364
95,56,NA,"5","4",1,1.55128503023387,4.59454386097473
96,56,NA,"6","5",1,1.55128503023387,4.59454386097473
97,56,NA,"7","6",0,1.62451868023659,4.28773396005364
98,56,NA,"1","7",0,1.62451868023659,4.28773396005364
99,56,NA,"2","1",0,1.62451868023659,4.28773396005364
100,56,NA,"3","2",0,1.62451868023659,4.28773396005364
101,56,NA,"4","3",0,1.62451868023659,4.28773396005364
102,56,NA,"5","4",1,1.55128503023387,4.59454386097473
103,56,NA,"6","5",1,1.55128503023387,4.59454386097473
104,56,NA,"7","6",0,1.62451868023659,4.28773396005364
105,56,NA,"1","7",0,1.62451868023659,4.28773396005364
106,56,NA,"2","1",0,1.62451868023659,4.28773396005364
107,56,NA,"3","2",0,1.62451868023659,4.28773396005364
108,56,NA,"4","3",0,1.62451868023659,4.28773396005364
109,56,NA,"5","4",1,1.55128503023387,4.59454386097473
110,56,NA,"6","5",1,1.55128503023387,4.59454386097473
111,56,NA,"7","6",0,1.62451868023659,4.28773396005364
112,56,NA,"1","7",0,1.62451868023659,4.28773396005364
113,56,NA,"2","1",0,1.62451868023659,4.28773396005364
114,56,NA,"3","2",0,1.62451868023659,4.28773396005364
115,56,NA,"4","3",0,1.62451868023659,4.28773396005364
116,56,NA,"5","4",1,1.55128503023387,4.59454386097473
117,56,NA,"6","5",1,1.55128503023387,4.59454386097473
118,56,NA,"7","6",0,1.62451868023659,4.28773396005364
119,56,NA,"1","7",0,1.62451868023659,4.28773396005364
120,56,NA,"2","1",0,1.62451868023659,4.28773396005364
121,56,NA,"3","2",0,1.62451868023659,4.28773396005364
122,56,NA,"4","3",0,1.62451868023659,4.28773396005364
123,56,NA,"5","4",1,1.55128503023387,4.59454386097473
124,56,NA,"6","5",1,1.55128503023387,4.59454386097473
125,56,NA,"7","6",0,1.62451868023659,4.28773396005364
126,56,NA,"1","7",0,1.62451868023659,4.28773396005364
127,56,NA,"2","1",0,1.62451868023659,4.28773396005364
128,56,NA,"3","2",0,1.62451868023659,4.28773396005364
129,56,NA,"4","3",0,1.62451868023659,4.28773396005364
130,56,NA,"5","4",1,1.55128503023387,4.59454386097473
131,56,NA,"6","5",1,1.55128503023387,4.59454386097473
132,56,NA,"7","6",0,1.62451868023659,4.28773396005364
133,56,NA,"1","7",0,1.62451868023659,4.28773396005364
134,56,NA,"2","1",0,1.62451868023659,4.28773396005364
135,56,NA,"3","2",0,1.62451868023659,4.28773396005364
136,56,NA,"4","3",0,1.62451868023659,4.28773396005364
137,56,NA,"5","4",1,1.55128503023387,4.59454386097473
138,56,NA,"6","5",1,1.55128503023387,4.59454386097473
139,56,NA,"7","6",0,1.62451868023659,4.28773396005364
140,56,NA,"1","7",0,1.62451868023659,4.28773396005364
141,56,NA,"2","1",0,1.62451868023659,4.28773396005364
81,57,0,"5","5",1,1.55128503023387,4.59454386097473
82,57,0,"6","6",1,1.55128503023387,4.59454386097473
83,57,0,"7","7",0,1.62451868023659,4.28773396005364
84,57,0,"1","1",0,1.62451868023659,4.28773396005364
85,57,0,"2","2",0,1.62451868023659,4.28773396005364
86,57,NA,"3","3",0,1.62451868023659,4.28773396005364
87,57,NA,"4","4",0,1.62451868023659,4.28773396005364
88,57,NA,"5","5",1,1.55128503023387,4.59454386097473
89,57,NA,"6","6",1,1.55128503023387,4.59454386097473
90,57,NA,"7","7",0,1.62451868023659,4.28773396005364
91,57,NA,"1","1",0,1.62451868023659,4.28773396005364
92,57,NA,"2","2",0,1.62451868023659,4.28773396005364
93,57,NA,"3","3",0,1.62451868023659,4.28773396005364
94,57,NA,"4","4",0,1.62451868023659,4.28773396005364
95,57,NA,"5","5",1,1.55128503023387,4.59454386097473
96,57,NA,"6","6",1,1.55128503023387,4.59454386097473
97,57,NA,"7","7",0,1.62451868023659,4.28773396005364
98,57,NA,"1","1",0,1.62451868023659,4.28773396005364
99,57,NA,"2","2",0,1.62451868023659,4.28773396005364
100,57,NA,"3","3",0,1.62451868023659,4.28773396005364
101,57,NA,"4","4",0,1.62451868023659,4.28773396005364
102,57,NA,"5","5",1,1.55128503023387,4.59454386097473
103,57,NA,"6","6",1,1.55128503023387,4.59454386097473
104,57,NA,"7","7",0,1.62451868023659,4.28773396005364
105,57,NA,"1","1",0,1.62451868023659,4.28773396005364
106,57,NA,"2","2",0,1.62451868023659,4.28773396005364
107,57,NA,"3","3",0,1.62451868023659,4.28773396005364
108,57,NA,"4","4",0,1.62451868023659,4.28773396005364
109,57,NA,"5","5",1,1.55128503023387,4.59454386097473
110,57,NA,"6","6",1,1.55128503023387,4.59454386097473
111,57,NA,"7","7",0,1.62451868023659,4.28773396005364
112,57,NA,"1","1",0,1.62451868023659,4.28773396005364
113,57,NA,"2","2",0,1.62451868023659,4.28773396005364
114,57,NA,"3","3",0,1.62451868023659,4.28773396005364
115,57,NA,"4","4",0,1.62451868023659,4.28773396005364
116,57,NA,"5","5",1,1.55128503023387,4.59454386097473
117,57,NA,"6","6",1,1.55128503023387,4.59454386097473
118,57,NA,"7","7",0,1.62451868023659,4.28773396005364
119,57,NA,"1","1",0,1.62451868023659,4.28773396005364
120,57,NA,"2","2",0,1.62451868023659,4.28773396005364
121,57,NA,"3","3",0,1.62451868023659,4.28773396005364
122,57,NA,"4","4",0,1.62451868023659,4.28773396005364
123,57,NA,"5","5",1,1.55128503023387,4.59454386097473
124,57,NA,"6","6",1,1.55128503023387,4.59454386097473
125,57,NA,"7","7",0,1.62451868023659,4.28773396005364
126,57,NA,"1","1",0,1.62451868023659,4.28773396005364
127,57,NA,"2","2",0,1.62451868023659,4.28773396005364
128,57,NA,"3","3",0,1.62451868023659,4.28773396005364
129,57,NA,"4","4",0,1.62451868023659,4.28773396005364
130,57,NA,"5","5",1,1.55128503023387,4.59454386097473
131,57,NA,"6","6",1,1.55128503023387,4.59454386097473
132,57,NA,"7","7",0,1.62451868023659,4.28773396005364
133,57,NA,"1","1",0,1.62451868023659,4.28773396005364
134,57,NA,"2","2",0,1.62451868023659,4.28773396005364
135,57,NA,"3","3",0,1.62451868023659,4.28773396005364
136,57,NA,"4","4",0,1.62451868023659,4.28773396005364
137,57,NA,"5","5",1,1.55128503023387,4.59454386097473
138,57,NA,"6","6",1,1.55128503023387,4.59454386097473
139,57,NA,"7","7",0,1.62451868023659,4.28773396005364
140,57,NA,"1","1",0,1.62451868023659,4.28773396005364
141,57,NA,"2","2",0,1.62451868023659,4.28773396005364
81,58,0,"5","6",1,1.55128503023387,4.59454386097473
82,58,0,"6","7",1,1.55128503023387,4.59454386097473
83,58,0,"7","1",0,1.62451868023659,4.28773396005364
84,58,0,"1","2",0,1.62451868023659,4.28773396005364
85,58,NA,"2","3",0,1.62451868023659,4.28773396005364
86,58,NA,"3","4",0,1.62451868023659,4.28773396005364
87,58,NA,"4","5",0,1.62451868023659,4.28773396005364
88,58,NA,"5","6",1,1.55128503023387,4.59454386097473
89,58,NA,"6","7",1,1.55128503023387,4.59454386097473
90,58,NA,"7","1",0,1.62451868023659,4.28773396005364
91,58,NA,"1","2",0,1.62451868023659,4.28773396005364
92,58,NA,"2","3",0,1.62451868023659,4.28773396005364
93,58,NA,"3","4",0,1.62451868023659,4.28773396005364
94,58,NA,"4","5",0,1.62451868023659,4.28773396005364
95,58,NA,"5","6",1,1.55128503023387,4.59454386097473
96,58,NA,"6","7",1,1.55128503023387,4.59454386097473
97,58,NA,"7","1",0,1.62451868023659,4.28773396005364
98,58,NA,"1","2",0,1.62451868023659,4.28773396005364
99,58,NA,"2","3",0,1.62451868023659,4.28773396005364
100,58,NA,"3","4",0,1.62451868023659,4.28773396005364
101,58,NA,"4","5",0,1.62451868023659,4.28773396005364
102,58,NA,"5","6",1,1.55128503023387,4.59454386097473
103,58,NA,"6","7",1,1.55128503023387,4.59454386097473
104,58,NA,"7","1",0,1.62451868023659,4.28773396005364
105,58,NA,"1","2",0,1.62451868023659,4.28773396005364
106,58,NA,"2","3",0,1.62451868023659,4.28773396005364
107,58,NA,"3","4",0,1.62451868023659,4.28773396005364
108,58,NA,"4","5",0,1.62451868023659,4.28773396005364
109,58,NA,"5","6",1,1.55128503023387,4.59454386097473
110,58,NA,"6","7",1,1.55128503023387,4.59454386097473
111,58,NA,"7","1",0,1.62451868023659,4.28773396005364
112,58,NA,"1","2",0,1.62451868023659,4.28773396005364
113,58,NA,"2","3",0,1.62451868023659,4.28773396005364
114,58,NA,"3","4",0,1.62451868023659,4.28773396005364
115,58,NA,"4","5",0,1.62451868023659,4.28773396005364
116,58,NA,"5","6",1,1.55128503023387,4.59454386097473
117,58,NA,"6","7",1,1.55128503023387,4.59454386097473
118,58,NA,"7","1",0,1.62451868023659,4.28773396005364
119,58,NA,"1","2",0,1.62451868023659,4.28773396005364
120,58,NA,"2","3",0,1.62451868023659,4.28773396005364
121,58,NA,"3","4",0,1.62451868023659,4.28773396005364
122,58,NA,"4","5",0,1.62451868023659,4.28773396005364
123,58,NA,"5","6",1,1.55128503023387,4.59454386097473
124,58,NA,"6","7",1,1.55128503023387,4.59454386097473
125,58,NA,"7","1",0,1.62451868023659,4.28773396005364
126,58,NA,"1","2",0,1.62451868023659,4.28773396005364
127,58,NA,"2","3",0,1.62451868023659,4.28773396005364
128,58,NA,"3","4",0,1.62451868023659,4.28773396005364
129,58,NA,"4","5",0,1.62451868023659,4.28773396005364
130,58,NA,"5","6",1,1.55128503023387,4.59454386097473
131,58,NA,"6","7",1,1.55128503023387,4.59454386097473
132,58,NA,"7","1",0,1.62451868023659,4.28773396005364
133,58,NA,"1","2",0,1.62451868023659,4.28773396005364
134,58,NA,"2","3",0,1.62451868023659,4.28773396005364
135,58,NA,"3","4",0,1.62451868023659,4.28773396005364
136,58,NA,"4","5",0,1.62451868023659,4.28773396005364
137,58,NA,"5","6",1,1.55128503023387,4.59454386097473
138,58,NA,"6","7",1,1.55128503023387,4.59454386097473
139,58,NA,"7","1",0,1.62451868023659,4.28773396005364
140,58,NA,"1","2",0,1.62451868023659,4.28773396005364
141,58,NA,"2","3",0,1.62451868023659,4.28773396005364
81,59,0,"5","7",1,1.55128503023387,4.59454386097473
82,59,0,"6","1",1,1.55128503023387,4.59454386097473
83,59,0,"7","2",0,1.62451868023659,4.28773396005364
84,59,NA,"1","3",0,1.62451868023659,4.28773396005364
85,59,NA,"2","4",0,1.62451868023659,4.28773396005364
86,59,NA,"3","5",0,1.62451868023659,4.28773396005364
87,59,NA,"4","6",0,1.62451868023659,4.28773396005364
88,59,NA,"5","7",1,1.55128503023387,4.59454386097473
89,59,NA,"6","1",1,1.55128503023387,4.59454386097473
90,59,NA,"7","2",0,1.62451868023659,4.28773396005364
91,59,NA,"1","3",0,1.62451868023659,4.28773396005364
92,59,NA,"2","4",0,1.62451868023659,4.28773396005364
93,59,NA,"3","5",0,1.62451868023659,4.28773396005364
94,59,NA,"4","6",0,1.62451868023659,4.28773396005364
95,59,NA,"5","7",1,1.55128503023387,4.59454386097473
96,59,NA,"6","1",1,1.55128503023387,4.59454386097473
97,59,NA,"7","2",0,1.62451868023659,4.28773396005364
98,59,NA,"1","3",0,1.62451868023659,4.28773396005364
99,59,NA,"2","4",0,1.62451868023659,4.28773396005364
100,59,NA,"3","5",0,1.62451868023659,4.28773396005364
101,59,NA,"4","6",0,1.62451868023659,4.28773396005364
102,59,NA,"5","7",1,1.55128503023387,4.59454386097473
103,59,NA,"6","1",1,1.55128503023387,4.59454386097473
104,59,NA,"7","2",0,1.62451868023659,4.28773396005364
105,59,NA,"1","3",0,1.62451868023659,4.28773396005364
106,59,NA,"2","4",0,1.62451868023659,4.28773396005364
107,59,NA,"3","5",0,1.62451868023659,4.28773396005364
108,59,NA,"4","6",0,1.62451868023659,4.28773396005364
109,59,NA,"5","7",1,1.55128503023387,4.59454386097473
110,59,NA,"6","1",1,1.55128503023387,4.59454386097473
111,59,NA,"7","2",0,1.62451868023659,4.28773396005364
112,59,NA,"1","3",0,1.62451868023659,4.28773396005364
113,59,NA,"2","4",0,1.62451868023659,4.28773396005364
114,59,NA,"3","5",0,1.62451868023659,4.28773396005364
115,59,NA,"4","6",0,1.62451868023659,4.28773396005364
116,59,NA,"5","7",1,1.55128503023387,4.59454386097473
117,59,NA,"6","1",1,1.55128503023387,4.59454386097473
118,59,NA,"7","2",0,1.62451868023659,4.28773396005364
119,59,NA,"1","3",0,1.62451868023659,4.28773396005364
120,59,NA,"2","4",0,1.62451868023659,4.28773396005364
121,59,NA,"3","5",0,1.62451868023659,4.28773396005364
122,59,NA,"4","6",0,1.62451868023659,4.28773396005364
123,59,NA,"5","7",1,1.55128503023387,4.59454386097473
124,59,NA,"6","1",1,1.55128503023387,4.59454386097473
125,59,NA,"7","2",0,1.62451868023659,4.28773396005364
126,59,NA,"1","3",0,1.62451868023659,4.28773396005364
127,59,NA,"2","4",0,1.62451868023659,4.28773396005364
128,59,NA,"3","5",0,1.62451868023659,4.28773396005364
129,59,NA,"4","6",0,1.62451868023659,4.28773396005364
130,59,NA,"5","7",1,1.55128503023387,4.59454386097473
131,59,NA,"6","1",1,1.55128503023387,4.59454386097473
132,59,NA,"7","2",0,1.62451868023659,4.28773396005364
133,59,NA,"1","3",0,1.62451868023659,4.28773396005364
134,59,NA,"2","4",0,1.62451868023659,4.28773396005364
135,59,NA,"3","5",0,1.62451868023659,4.28773396005364
136,59,NA,"4","6",0,1.62451868023659,4.28773396005364
137,59,NA,"5","7",1,1.55128503023387,4.59454386097473
138,59,NA,"6","1",1,1.55128503023387,4.59454386097473
139,59,NA,"7","2",0,1.62451868023659,4.28773396005364
140,59,NA,"1","3",0,1.62451868023659,4.28773396005364
141,59,NA,"2","4",0,1.62451868023659,4.28773396005364
81,60,0,"5","1",1,1.55128503023387,4.59454386097473
82,60,0,"6","2",1,1.55128503023387,4.59454386097473
83,60,NA,"7","3",0,1.62451868023659,4.28773396005364
84,60,NA,"1","4",0,1.62451868023659,4.28773396005364
85,60,NA,"2","5",0,1.62451868023659,4.28773396005364
86,60,NA,"3","6",0,1.62451868023659,4.28773396005364
87,60,NA,"4","7",0,1.62451868023659,4.28773396005364
88,60,NA,"5","1",1,1.55128503023387,4.59454386097473
89,60,NA,"6","2",1,1.55128503023387,4.59454386097473
90,60,NA,"7","3",0,1.62451868023659,4.28773396005364
91,60,NA,"1","4",0,1.62451868023659,4.28773396005364
92,60,NA,"2","5",0,1.62451868023659,4.28773396005364
93,60,NA,"3","6",0,1.62451868023659,4.28773396005364
94,60,NA,"4","7",0,1.62451868023659,4.28773396005364
95,60,NA,"5","1",1,1.55128503023387,4.59454386097473
96,60,NA,"6","2",1,1.55128503023387,4.59454386097473
97,60,NA,"7","3",0,1.62451868023659,4.28773396005364
98,60,NA,"1","4",0,1.62451868023659,4.28773396005364
99,60,NA,"2","5",0,1.62451868023659,4.28773396005364
100,60,NA,"3","6",0,1.62451868023659,4.28773396005364
101,60,NA,"4","7",0,1.62451868023659,4.28773396005364
102,60,NA,"5","1",1,1.55128503023387,4.59454386097473
103,60,NA,"6","2",1,1.55128503023387,4.59454386097473
104,60,NA,"7","3",0,1.62451868023659,4.28773396005364
105,60,NA,"1","4",0,1.62451868023659,4.28773396005364
106,60,NA,"2","5",0,1.62451868023659,4.28773396005364
107,60,NA,"3","6",0,1.62451868023659,4.28773396005364
108,60,NA,"4","7",0,1.62451868023659,4.28773396005364
109,60,NA,"5","1",1,1.55128503023387,4.59454386097473
110,60,NA,"6","2",1,1.55128503023387,4.59454386097473
111,60,NA,"7","3",0,1.62451868023659,4.28773396005364
112,60,NA,"1","4",0,1.62451868023659,4.28773396005364
113,60,NA,"2","5",0,1.62451868023659,4.28773396005364
114,60,NA,"3","6",0,1.62451868023659,4.28773396005364
115,60,NA,"4","7",0,1.62451868023659,4.28773396005364
116,60,NA,"5","1",1,1.55128503023387,4.59454386097473
117,60,NA,"6","2",1,1.55128503023387,4.59454386097473
118,60,NA,"7","3",0,1.62451868023659,4.28773396005364
119,60,NA,"1","4",0,1.62451868023659,4.28773396005364
120,60,NA,"2","5",0,1.62451868023659,4.28773396005364
121,60,NA,"3","6",0,1.62451868023659,4.28773396005364
122,60,NA,"4","7",0,1.62451868023659,4.28773396005364
123,60,NA,"5","1",1,1.55128503023387,4.59454386097473
124,60,NA,"6","2",1,1.55128503023387,4.59454386097473
125,60,NA,"7","3",0,1.62451868023659,4.28773396005364
126,60,NA,"1","4",0,1.62451868023659,4.28773396005364
127,60,NA,"2","5",0,1.62451868023659,4.28773396005364
128,60,NA,"3","6",0,1.62451868023659,4.28773396005364
129,60,NA,"4","7",0,1.62451868023659,4.28773396005364
130,60,NA,"5","1",1,1.55128503023387,4.59454386097473
131,60,NA,"6","2",1,1.55128503023387,4.59454386097473
132,60,NA,"7","3",0,1.62451868023659,4.28773396005364
133,60,NA,"1","4",0,1.62451868023659,4.28773396005364
134,60,NA,"2","5",0,1.62451868023659,4.28773396005364
135,60,NA,"3","6",0,1.62451868023659,4.28773396005364
136,60,NA,"4","7",0,1.62451868023659,4.28773396005364
137,60,NA,"5","1",1,1.55128503023387,4.59454386097473
138,60,NA,"6","2",1,1.55128503023387,4.59454386097473
139,60,NA,"7","3",0,1.62451868023659,4.28773396005364
140,60,NA,"1","4",0,1.62451868023659,4.28773396005364
141,60,NA,"2","5",0,1.62451868023659,4.28773396005364
81,61,0,"5","2",1,1.55128503023387,4.59454386097473
82,61,NA,"6","3",1,1.55128503023387,4.59454386097473
83,61,NA,"7","4",0,1.62451868023659,4.28773396005364
84,61,NA,"1","5",0,1.62451868023659,4.28773396005364
85,61,NA,"2","6",0,1.62451868023659,4.28773396005364
86,61,NA,"3","7",0,1.62451868023659,4.28773396005364
87,61,NA,"4","1",0,1.62451868023659,4.28773396005364
88,61,NA,"5","2",1,1.55128503023387,4.59454386097473
89,61,NA,"6","3",1,1.55128503023387,4.59454386097473
90,61,NA,"7","4",0,1.62451868023659,4.28773396005364
91,61,NA,"1","5",0,1.62451868023659,4.28773396005364
92,61,NA,"2","6",0,1.62451868023659,4.28773396005364
93,61,NA,"3","7",0,1.62451868023659,4.28773396005364
94,61,NA,"4","1",0,1.62451868023659,4.28773396005364
95,61,NA,"5","2",1,1.55128503023387,4.59454386097473
96,61,NA,"6","3",1,1.55128503023387,4.59454386097473
97,61,NA,"7","4",0,1.62451868023659,4.28773396005364
98,61,NA,"1","5",0,1.62451868023659,4.28773396005364
99,61,NA,"2","6",0,1.62451868023659,4.28773396005364
100,61,NA,"3","7",0,1.62451868023659,4.28773396005364
101,61,NA,"4","1",0,1.62451868023659,4.28773396005364
102,61,NA,"5","2",1,1.55128503023387,4.59454386097473
103,61,NA,"6","3",1,1.55128503023387,4.59454386097473
104,61,NA,"7","4",0,1.62451868023659,4.28773396005364
105,61,NA,"1","5",0,1.62451868023659,4.28773396005364
106,61,NA,"2","6",0,1.62451868023659,4.28773396005364
107,61,NA,"3","7",0,1.62451868023659,4.28773396005364
108,61,NA,"4","1",0,1.62451868023659,4.28773396005364
109,61,NA,"5","2",1,1.55128503023387,4.59454386097473
110,61,NA,"6","3",1,1.55128503023387,4.59454386097473
111,61,NA,"7","4",0,1.62451868023659,4.28773396005364
112,61,NA,"1","5",0,1.62451868023659,4.28773396005364
113,61,NA,"2","6",0,1.62451868023659,4.28773396005364
114,61,NA,"3","7",0,1.62451868023659,4.28773396005364
115,61,NA,"4","1",0,1.62451868023659,4.28773396005364
116,61,NA,"5","2",1,1.55128503023387,4.59454386097473
117,61,NA,"6","3",1,1.55128503023387,4.59454386097473
118,61,NA,"7","4",0,1.62451868023659,4.28773396005364
119,61,NA,"1","5",0,1.62451868023659,4.28773396005364
120,61,NA,"2","6",0,1.62451868023659,4.28773396005364
121,61,NA,"3","7",0,1.62451868023659,4.28773396005364
122,61,NA,"4","1",0,1.62451868023659,4.28773396005364
123,61,NA,"5","2",1,1.55128503023387,4.59454386097473
124,61,NA,"6","3",1,1.55128503023387,4.59454386097473
125,61,NA,"7","4",0,1.62451868023659,4.28773396005364
126,61,NA,"1","5",0,1.62451868023659,4.28773396005364
127,61,NA,"2","6",0,1.62451868023659,4.28773396005364
128,61,NA,"3","7",0,1.62451868023659,4.28773396005364
129,61,NA,"4","1",0,1.62451868023659,4.28773396005364
130,61,NA,"5","2",1,1.55128503023387,4.59454386097473
131,61,NA,"6","3",1,1.55128503023387,4.59454386097473
132,61,NA,"7","4",0,1.62451868023659,4.28773396005364
133,61,NA,"1","5",0,1.62451868023659,4.28773396005364
134,61,NA,"2","6",0,1.62451868023659,4.28773396005364
135,61,NA,"3","7",0,1.62451868023659,4.28773396005364
136,61,NA,"4","1",0,1.62451868023659,4.28773396005364
137,61,NA,"5","2",1,1.55128503023387,4.59454386097473
138,61,NA,"6","3",1,1.55128503023387,4.59454386097473
139,61,NA,"7","4",0,1.62451868023659,4.28773396005364
140,61,NA,"1","5",0,1.62451868023659,4.28773396005364
141,61,NA,"2","6",0,1.62451868023659,4.28773396005364
